0 0.39271215413236693 7 27960 27960 38940.23182954098 0 0
1 0.39271215413236693 7 27690 27690 38564.19954792524 0 0
2 0.39271215413236693 7 27678 27678 38547.48700207565 0 0
3 0.39271215413236693 7 27903 27903 38860.847236755435 0 0
4 0.39271215413236693 7 27285 27285 38000.15112550163 0 0
5 0.39271215413236693 7 27134 27134 37789.85159022764 0 0
6 0.39271215413236693 7 27553 27553 38373.3979828091 0 0
7 0.39271215413236693 7 28024 28079.666666666668 39106.89305065215 0 0
8 0.39271215413236693 7 27218 27141.333333333332 39106.89305065215 1.0316579714404683 0
9 0.39271215413236693 7 27386 27299.833333333332 37800.06481269128 0.9910659947905255 0
10 0.39271215413236693 7 27456 27484.5 38020.809689121255 0.9943121114996114 0
11 0.39271215413236693 7 27443 27494.5 38277.99720025103 1.0015122253397952 0
12 0.39271215413236693 7 27689 27711.666666666668 38291.92432179236 0.992975549857344 0
13 0.39271215413236693 7 27543 27462.833333333332 38594.37497793144 1.0061237580026383 0
14 0.39271215413236693 7 27869 27977.5 38247.82177024483 0.9854258614709295 0
15 0.39271215413236693 7 27586 27619.333333333332 38964.60429223829 1.0141919814398608 0
16 0.39271215413236693 7 27958 28041.666666666668 38465.781222366546 0.9878865917924505 0
17 0.39271215413236693 7 27103 27046.333333333332 39053.96998879512 1.0346333124254388 0
18 0.39271215413236693 7 27642 27634.166666666668 37667.757158048706 0.9784506668596097 0
19 0.39271215413236693 7 27828 27875.5 38486.43978598618 0.9930345934550333 0
20 0.39271215413236693 7 28098 28136.166666666668 38822.54765251679 0.9920812869243363 0
21 0.39271215413236693 7 27334 27292.0 39185.58128736063 1.0293468451988976 0
22 0.39271215413236693 7 27545 27476.166666666668 38009.90011058056 0.9908150299509892 0
23 0.39271215413236693 7 27432 27486.833333333332 38266.39126563327 1.0016100418003306 0
24 0.39271215413236693 7 27803 27829.833333333332 38281.24686194401 0.9886283254804636 0
25 0.39271215413236693 7 27029 26895.833333333332 38758.94713081141 1.0296286704403912 0
26 0.39271215413236693 7 27367 27245.166666666668 37458.153978851784 0.9827834009329971 0
27 0.39271215413236693 7 27268 27257.0 37944.67475802869 0.9991626326341011 0
28 0.39271215413236693 7 27621 27633.666666666668 37961.155185185926 0.9868216212302234 0
29 0.39271215413236693 7 27235 27202.166666666668 38485.74342990912 1.0146380270485282 0
30 0.39271215413236693 7 18652 17126.833333333332 37884.788135401 1.4584048180713418 0
31 0.39271215413236693 7 27191 27218.0 23852.74894513269 0.6298714035281281 0
32 0.39271215413236693 7 27316 27307.5 37906.83941117476 0.9964123590569629 0
33 0.39271215413236693 7 27323 27332.166666666668 38031.48714896961 0.9994327123668704 0
34 0.39271215413236693 7 27771 27796.0 38065.84071543821 0.9841981443472207 0
35 0.39271215413236693 7 27553 27606.0 38711.82703626327 1.0088193663121983 0
36 0.39271215413236693 7 27902 29443.666666666668 38447.211726978116 0.9893914414737295 0
37 0.39271215413236693 7 27337 27361.333333333332 41006.5524288887 1.077062833034593 0
38 0.39271215413236693 7 27173 27149.166666666668 38106.4614866004 1.0069308995448913 0
39 0.39271215413236693 7 27395 27407.0 37810.97439123198 0.9910263430066314 0
40 0.39271215413236693 7 27716 27706.833333333332 38170.06200830578 0.9888512050800982 0
41 0.39271215413236693 7 27183 27121.333333333332 38587.64353585313 1.019270622570479 0
42 0.39271215413236693 7 27489 27420.166666666668 37772.21056960863 0.9866249530115075 0
43 0.39271215413236693 7 27698 27758.166666666668 38188.39938500185 0.9899691915180399 0
44 0.39271215413236693 7 26858 26805.5 38659.1360930986 1.0335157743192593 0
45 0.39271215413236693 7 26990 26922.5 37332.34564759516 0.9931641348647647 0
46 0.39271215413236693 7 27454 27410.333333333332 37495.292969628645 0.980640343847891 0
47 0.39271215413236693 7 26536 26428.166666666668 38174.704382152886 1.0329489498542859 0
48 0.39271215413236693 7 27493 27493.666666666668 36806.82892810255 0.9612689290607307 0
49 0.39271215413236693 7 27182 27096.0 38290.76372833058 1.0114659210752215 0
50 0.39271215413236693 7 27306 27380.666666666668 37736.92852837061 0.992309382553285 0
51 0.39271215413236693 7 27557 27651.5 38133.38725491363 0.9936011418756275 0
52 0.39271215413236693 7 27394 27384.0 38510.58012999114 1.0093998685843615 0
53 0.39271215413236693 7 27115 27211.5 38138.029628760734 1.0099207080951502 0
54 0.39271215413236693 7 27793 27843.0 37897.7867821729 0.9790774655488792 0
55 0.39271215413236693 7 27858 27970.666666666668 38777.28450750749 0.9994615550290761 0
56 0.39271215413236693 7 27216 27201.0 38955.08742585172 1.0277287869880463 0
57 0.39271215413236693 7 28200 28307.166666666668 37883.16330455451 0.9645744680851064 0
58 0.39271215413236693 7 27036 26976.333333333332 39423.735065717265 1.0470175568377966 0
59 0.39271215413236693 7 27382 27426.5 37570.26730725943 0.9851849146641345 0
0 0.570128971737428 7 26681 26681 41892.61109492632 0 0
1 0.570128971737428 7 27558 27558 43269.614203140045 0 0
2 0.570128971737428 7 27401 27401 43023.103954577266 0 0
3 0.570128971737428 7 27854 27854 43734.37237877432 0 0
4 0.570128971737428 7 27025 27025 42432.73546120399 0 0
5 0.570128971737428 7 27871 27871 43761.06457129386 0 0
6 0.570128971737428 7 27591 27591 43321.428459207375 0 0
7 0.570128971737428 7 27054 26970.0 42346.378367758436 0 0
8 0.570128971737428 7 27544 27567.833333333332 42346.378367758436 0.9791606157420853 0
9 0.570128971737428 7 27581 27535.5 43285.05380469546 0.9995226182275238 0
10 0.570128971737428 7 28162 28351.5 43234.28630127595 0.9777537106739578 0
11 0.570128971737428 7 27340 27251.5 44515.51154221369 1.0369970738844185 0
12 0.570128971737428 7 27399 27367.0 42788.36967330252 0.9946165918464177 0
13 0.570128971737428 7 28217 28410.833333333332 42969.719569538196 0.9698763156962115 0
14 0.570128971737428 7 27545 27545.166666666668 44608.67252787011 1.031433411992497 0
15 0.570128971737428 7 27571 27569.333333333332 43249.46421466942 0.9990630251592858 0
16 0.570128971737428 7 27326 27186.666666666668 43287.40899815306 1.0089048281246187 0
17 0.570128971737428 7 27318 27314.333333333332 42686.57297830155 0.9951924250189131 0
18 0.570128971737428 7 27458 27467.833333333332 42887.02611036002 0.9947677665282735 0
19 0.570128971737428 7 27734 27653.5 43128.04090752172 0.9904028749308911 0
20 0.570128971737428 7 27149 27083.0 43419.561519940966 1.0185826365611994 0
21 0.570128971737428 7 27847 27893.0 42523.80294156476 0.9725643695909792 0
22 0.570128971737428 7 27246 27232.666666666668 43795.607408672084 1.0237466050062394 0
23 0.570128971737428 7 27313 27312.166666666668 42758.79891100147 0.9970587876347039 0
24 0.570128971737428 7 27484 27488.333333333332 42883.624164254594 0.9937478775530005 0
25 0.570128971737428 7 27107 27002.5 43160.228551442335 1.0140677069883548 0
26 0.570128971737428 7 26888 26844.5 42397.4075593399 1.0042584052365366 0
27 0.570128971737428 7 27335 27249.666666666668 42149.32718180538 0.9820559721968173 0
28 0.570128971737428 7 27647 27713.833333333332 42785.491103521 0.9856283382163225 0
29 0.570128971737428 7 27503 27534.666666666668 43514.29263456912 1.00766583039426 0
30 0.570128971737428 7 26865 26761.833333333332 43232.97786046617 1.024927104659098 0
31 0.570128971737428 7 27404 27453.5 42019.52985347509 0.9765666812630759 0
32 0.570128971737428 7 27128 27168.0 43105.53572559348 1.0119986729578296 0
33 0.570128971737428 7 27248 27233.5 42657.26390416244 0.9970640046975925 0
34 0.570128971737428 7 27805 27831.333333333332 42760.107351811246 0.9794461427800756 0
35 0.570128971737428 7 27125 27062.0 43698.78278874827 1.0260399385560675 0
36 0.570128971737428 7 28155 28370.0 42490.830233158274 0.9611791866453561 0
37 0.570128971737428 7 27977 28072.5 44544.55892819083 1.0140472531007614 0
38 0.570128971737428 7 26972 26946.0 44077.445559098946 1.0408015720005932 0
39 0.570128971737428 7 27724 27803.333333333332 42308.69527243674 0.9719376713316982 0
40 0.570128971737428 7 27968 27995.166666666668 43654.81917753962 0.9941123188405797 0
41 0.570128971737428 7 27738 27840.166666666668 43956.02225195125 1.0092712764679022 0
42 0.570128971737428 7 27300 27157.5 43712.652261331954 1.0197863247863248 0
43 0.570128971737428 7 28394 28463.5 42640.7775499592 0.95645206733817 0
44 0.570128971737428 7 27353 27416.5 44691.36598704828 1.040598837421855 0
45 0.570128971737428 7 27480 27439.333333333332 43047.4409536392 0.9976892285298399 0
46 0.570128971737428 7 26999 26837.5 43083.292231827196 1.0163092460214576 0
47 0.570128971737428 7 27877 27900.166666666668 42138.336279003226 0.9627111956092836 0
48 0.570128971737428 7 27340 27346.666666666668 43806.8599996362 1.0204889051450865 0
49 0.570128971737428 7 28213 28182.833333333332 42937.79361377953 0.9692931154668653 0
50 0.570128971737428 7 26717 26611.0 44250.683122313974 1.054865191950194 0
51 0.570128971737428 7 27437 27429.833333333332 41782.7020669047 0.9698946677843787 0
52 0.570128971737428 7 27558 27651.166666666668 43068.376006595696 0.9953492028932917 0
53 0.570128971737428 7 27662 27626.166666666668 43415.89788567358 0.9996083676764755 0
54 0.570128971737428 7 27324 27321.333333333332 43376.644661380145 1.0110586541745963 0
55 0.570128971737428 7 26929 26715.0 42898.017013162185 1.0145691757337194 0
56 0.570128971737428 7 27307 27405.333333333332 41945.99547996539 0.9783205771413923 0
57 0.570128971737428 7 26592 26451.166666666668 43029.907846788126 1.030585639791416 0
58 0.570128971737428 7 27679 27699.166666666668 41531.74311958867 0.9556402567530138 0
59 0.570128971737428 7 26840 26703.0 43491.26407631698 1.0320106805762543 0
0 0.2462516732538561 6 27259 27259 33971.57436122686 0 0
1 0.2462516732538561 6 26793 26793 33390.82108149057 0 0
2 0.2462516732538561 6 27186 27186 33880.59798907934 0 0
3 0.2462516732538561 6 27432 27432 34187.17590069978 0 0
4 0.2462516732538561 6 27032 27032 33688.67523139824 0 0
5 0.2462516732538561 6 26817 26817 33420.73112164866 0 0
6 0.2462516732538561 6 26772 26767.8 33359.415539324575 0 0
7 0.2462516732538561 6 27070 27046.8 33359.415539324575 0.988836350203177 0
8 0.2462516732538561 6 27160 27105.6 33707.1197561624 0.9958321060382915 0
9 0.2462516732538561 6 26913 26889.2 33780.39935454972 1.007156392821313 0
10 0.2462516732538561 6 27111 27169.8 33510.71049245759 0.9918188189295858 0
11 0.2462516732538561 6 26884 26906.4 33860.408711972625 1.010630858503199 0
12 0.2462516732538561 6 26848 26803.6 33532.14602123756 1.0021752085816449 0
13 0.2462516732538561 6 26934 26888.8 33404.03134922706 0.9951585356798098 0
14 0.2462516732538561 6 27379 27472.2 33510.21199178829 0.9820957668285912 0
15 0.2462516732538561 6 27179 27192.6 34237.27521796459 1.010787740534972 0
16 0.2462516732538561 6 27667 27823.6 33888.82325012281 0.98285321863592 0
17 0.2462516732538561 6 27028 27064.0 34675.208055945994 1.0294361402989491 0
18 0.2462516732538561 6 26855 26839.2 33728.55528494236 1.0077825358406256 0
19 0.2462516732538561 6 27153 27107.8 33448.3979087949 0.9884432659374655 0
20 0.2462516732538561 6 27639 27731.0 33783.141108230884 0.9807807807807808 0
21 0.2462516732538561 6 26934 26787.4 34559.805151002685 1.0295908517115913 0
22 0.2462516732538561 6 27451 27535.6 33383.84207212035 0.9758260172671306 0
23 0.2462516732538561 6 26696 26664.2 34316.28757404888 1.0314504045549895 0
24 0.2462516732538561 6 26552 26431.8 33230.303865975475 1.0042256703826453 0
25 0.2462516732538561 6 27173 27079.8 32940.67497711127 0.9727229234902293 0
26 0.2462516732538561 6 28199 28452.0 33748.246061379774 0.9603106493138054 0
27 0.2462516732538561 6 27566 27589.0 35458.35260741872 1.0321410433142277 0
28 0.2462516732538561 6 27028 27094.4 34382.83741340064 1.0207562527749001 0
29 0.2462516732538561 6 27198 27327.2 33766.441335809286 0.9961908963894405 0
30 0.2462516732538561 6 71865 27327.2 34056.56872534278 0.38025742712029503 1
31 0.2462516732538561 6 156824 27327.2 34056.56872534278 0.17425394072335867 1
32 0.2462516732538561 6 149614 27327.2 34056.56872534278 0.18265135615650943 1
33 0.2462516732538561 6 148088 27327.2 34056.56872534278 0.1845335206093674 1
34 0.2462516732538561 6 152098 27327.2 34056.56872534278 0.17966837170771477 1
35 0.2462516732538561 6 148514 27327.2 34056.56872534278 0.18400420162408931 1
36 0.2462516732538561 6 148657 27327.2 34056.56872534278 0.18382719952642662 1
37 0.2462516732538561 6 148094 27327.2 34056.56872534278 0.1845260442691804 1
38 0.2462516732538561 6 149559 27327.2 34056.56872534278 0.18271852579918293 1
39 0.2462516732538561 6 148958 27327.2 34056.56872534278 0.18345573920165417 1
40 0.2462516732538561 6 149450 27327.2 34056.56872534278 0.1828517898962864 1
41 0.2462516732538561 6 148106 27327.2 34056.56872534278 0.18451109340607402 1
42 0.2462516732538561 6 148711 27327.2 34056.56872534278 0.18376044811748962 1
43 0.2462516732538561 6 149538 27327.2 34056.56872534278 0.18274418542444062 1
44 0.2462516732538561 6 149193 27327.2 34056.56872534278 0.18316677055894043 1
45 0.2462516732538561 6 145526 27327.2 34056.56872534278 0.18778225196872037 1
46 0.2462516732538561 6 146880 27327.2 34056.56872534278 0.1860511982570806 1
47 0.2462516732538561 6 144664 27327.2 34056.56872534278 0.1889011779018968 1
48 0.2462516732538561 6 147337 27327.2 34056.56872534278 0.1854741171599802 1
49 0.2462516732538561 6 146526 27327.2 34056.56872534278 0.18650068929746258 1
50 0.2462516732538561 6 146584 27327.2 34056.56872534278 0.18642689515908967 1
51 0.2462516732538561 6 147452 27327.2 34056.56872534278 0.18532946314732932 1
52 0.2462516732538561 6 146109 27327.2 34056.56872534278 0.18703296853718798 1
53 0.2462516732538561 6 147387 27327.2 34056.56872534278 0.18541119637417142 1
54 0.2462516732538561 6 147823 27327.2 34056.56872534278 0.18486433099044128 1
55 0.2462516732538561 6 145022 27327.2 34056.56872534278 0.18843485815945168 1
56 0.2462516732538561 6 148651 27327.2 34056.56872534278 0.18383461934329404 1
57 0.2462516732538561 6 148479 27327.2 34056.56872534278 0.18404757575145309 1
58 0.2462516732538561 6 148842 27327.2 34056.56872534278 0.18359871541634754 1
59 0.2462516732538561 6 146089 27327.2 34056.56872534278 0.1870585738830439 1
0 0.23426540256017225 5 54127 54127 66807.08344437444 0 0
1 0.23426540256017225 5 27400 27400 33818.87203014872 0 0
2 0.23426540256017225 5 27204 27204 33576.956011246926 0 0
3 0.23426540256017225 5 30779 30779 37989.454825399545 0 0
4 0.23426540256017225 5 27029 27029 33360.9595657989 0 0
5 0.23426540256017225 5 27688 27760.0 34263.20757507038 0 0
6 0.23426540256017225 5 27896 28069.0 34263.20757507038 0.9951247490679668 0
7 0.23426540256017225 5 27041 26106.5 34644.59558446147 1.038016345549351 0
8 0.23426540256017225 5 27504 27622.75 32222.349731937138 0.9491892088423503 0
9 0.23426540256017225 5 27606 27585.5 34093.804648569 1.0006067521553286 0
10 0.23426540256017225 5 26762 26478.5 34047.82826232363 1.030771242806965 0
11 0.23426540256017225 5 27906 28122.25 32681.49646168952 0.9488461262810866 0
12 0.23426540256017225 5 27533 27540.25 34710.320217147804 1.0214015908182907 0
13 0.23426540256017225 5 27309 27234.75 33991.97775285778 1.008467904353876 0
14 0.23426540256017225 5 26544 26489.5 33614.90967237565 1.0260228300180831 0
15 0.23426540256017225 5 27651 27587.25 32695.073381117683 0.9579942859209432 0
16 0.23426540256017225 5 28004 28121.75 34049.988226778114 0.9851181974003713 0
17 0.23426540256017225 5 26793 26664.0 34709.703084446526 1.049593177322435 0
18 0.23426540256017225 5 27477 27710.25 32910.452693864434 0.9704116169887542 0
19 0.23426540256017225 5 26935 26756.0 34201.80287129301 1.0287822535734175 0
20 0.23426540256017225 5 29024 29279.0 33024.00511089997 0.9218577728776185 0
21 0.23426540256017225 5 27765 28008.0 36138.05672155928 1.054529083378354 0
22 0.23426540256017225 5 27297 27252.0 34569.30539490531 1.0260468183316849 0
23 0.23426540256017225 5 27478 27613.75 33636.20075056981 0.9917752383725162 0
24 0.23426540256017225 5 28630 28531.5 34082.69625994596 0.9645040167656305 0
25 0.23426540256017225 5 27780 27783.75 35215.44333314555 1.0270518358531318 0
26 0.23426540256017225 5 27419 27449.5 34292.521378381185 1.0133028192129545 0
27 0.23426540256017225 5 28096 28250.5 33879.96816757545 0.9769896070615034 0
28 0.23426540256017225 5 27732 27507.5 34868.614755026145 1.0186968123467475 0
29 0.23426540256017225 5 27383 27283.75 33951.55556092394 1.0045466165138954 0
30 0.23426540256017225 5 27519 27544.0 33675.3886771011 0.9914513608779388 0
31 0.23426540256017225 5 27512 27366.0 33996.60624811739 1.0011631288165164 0
32 0.23426540256017225 5 27187 27050.75 33776.907006461675 1.0065840291315702 0
33 0.23426540256017225 5 27382 27381.75 33387.80483830458 0.9879026367686802 0
34 0.23426540256017225 5 30862 31697.75 33796.346686551995 0.8872318709092087 0
35 0.23426540256017225 5 29066 29454.5 39123.4361640017 1.0905439344939105 0
36 0.23426540256017225 5 27585 27684.5 36354.670299708596 1.0677723400398766 0
37 0.23426540256017225 5 27879 28003.25 34170.020537177086 0.9930234226478711 0
38 0.23426540256017225 5 14798 10782.0 34563.44263424315 1.8923672117853765 0
39 0.23426540256017225 5 27624 27263.5 13307.849570403778 0.39031277150304083 0
40 0.23426540256017225 5 27135 27022.5 33650.39480269926 1.0047355813524967 0
41 0.23426540256017225 5 27863 27859.0 33352.936840682254 0.9698345476079389 0
42 0.23426540256017225 5 27283 30404.25 34385.39984992384 1.0211120477953304 0
43 0.23426540256017225 5 27648 27654.0 37526.91386579012 1.0996907552083333 0
44 0.23426540256017225 5 27663 27795.0 34132.375442399 0.9996746556772584 0
45 0.23426540256017225 5 27722 27686.75 34306.40686415999 1.0026332876415842 0
46 0.23426540256017225 5 28095 28298.0 34172.79763433285 0.9854689446520734 0
47 0.23426540256017225 5 27969 28049.25 34927.24236164775 1.0117630233472774 0
48 0.23426540256017225 5 27911 27973.0 34620.218842760914 1.004953244240622 0
49 0.23426540256017225 5 27752 27759.5 34526.1061058157 1.0079633900259442 0
50 0.23426540256017225 5 28354 28418.75 34262.5904423691 0.9790329406785638 0
51 0.23426540256017225 5 27718 27655.25 35076.279909006895 1.0252814055848185 0
52 0.23426540256017225 5 28139 28196.0 34133.9182741522 0.9828085575180354 0
53 0.23426540256017225 5 28089 28173.25 34801.347290586615 1.0038093203745238 0
54 0.23426540256017225 5 27097 26782.75 34773.267752678374 1.039718419013175 0
55 0.23426540256017225 5 27686 27678.0 33057.021710418456 0.9673752076861952 0
56 0.23426540256017225 5 27310 27102.75 34161.99781206045 1.0134749176125961 0
57 0.23426540256017225 5 27679 27576.5 33451.98663923771 0.9791809675205029 0
58 0.23426540256017225 5 27892 28090.75 34036.71987370059 0.9886885128352215 0
59 0.23426540256017225 5 29187 29562.25 34671.44085696716 0.9624404700722925 0
0 0.7474079415589567 6 27373 27373 47831.79758429332 0 0
1 0.7474079415589567 6 27389 27389 47859.75611135826 0 0
2 0.7474079415589567 6 27082 27082 47323.301873299664 0 0
3 0.7474079415589567 6 27022 27022 47218.45739680613 0 0
4 0.7474079415589567 6 27161 27161 47461.347100682826 0 0
5 0.7474079415589567 6 27233 27233 47587.16047247507 0 0
6 0.7474079415589567 6 27475 27492.2 48040.08861092715 0 0
7 0.7474079415589567 6 27381 27440.8 48040.08861092715 1.00406121032833 0
8 0.7474079415589567 6 26878 26849.2 47950.27184273102 1.0209390579656223 0
9 0.7474079415589567 6 27298 27325.4 46916.50530450474 0.9835592351087992 0
10 0.7474079415589567 6 27767 27873.8 47748.62096627512 0.9840962293369828 0
11 0.7474079415589567 6 27468 27466.6 48706.899481426044 1.0147735546818115 0
12 0.7474079415589567 6 27449 27462.6 47995.354967623236 1.0006411891143574 0
13 0.7474079415589567 6 27263 27340.0 47988.365335857 1.007321277922459 0
14 0.7474079415589567 6 27730 27816.4 47774.13312222188 0.985935809592499 0
15 0.7474079415589567 6 27482 27425.0 48606.598265580564 1.0121679644858452 0
16 0.7474079415589567 6 28320 28490.4 47922.66279725439 0.9683968926553672 0
17 0.7474079415589567 6 27721 27775.4 49784.3512181913 1.0277551314887632 0
18 0.7474079415589567 6 28365 28585.4 48534.95453997665 0.9792138198484047 0
19 0.7474079415589567 6 27818 27835.6 49950.354972639405 1.0275864548134301 0
20 0.7474079415589567 6 28220 28367.6 48640.148498058494 0.9863784549964564 0
21 0.7474079415589567 6 27958 27885.6 49569.76952296786 1.0146505472494456 0
22 0.7474079415589567 6 28446 28591.0 48727.51889513644 0.9802995148702804 0
23 0.7474079415589567 6 27918 27828.6 49960.14045711213 1.024106311340354 0
24 0.7474079415589567 6 29430 29752.4 48627.91664246758 0.9455861365953109 0
25 0.7474079415589567 6 28004 27960.8 51989.580040438705 1.0624339380088559 0
26 0.7474079415589567 6 28278 28342.0 48858.923972341676 0.9887827993493175 0
27 0.7474079415589567 6 27148 26888.4 49525.03587966395 1.0439811404155002 0
28 0.7474079415589567 6 28110 28148.4 46985.00369581385 0.9565421558164355 0
29 0.7474079415589567 6 28079 27808.8 49186.73770217814 1.0024715979913814 0
30 0.7474079415589567 6 28499 28598.0 48593.31796522471 0.9757816063721534 0
31 0.7474079415589567 6 27746 27639.6 49972.372312703046 1.0307071289555252 0
32 0.7474079415589567 6 27878 28024.0 48297.65654151294 0.9914484539780472 0
33 0.7474079415589567 6 28312 28352.4 48969.36015424821 0.98982763492512 0
34 0.7474079415589567 6 27675 27594.2 49543.20892225617 1.0244769647696477 0
35 0.7474079415589567 6 28607 28628.6 48218.32422096616 0.9645960778830357 0
36 0.7474079415589567 6 28747 28947.2 50025.842995714745 0.9958813093540195 0
37 0.7474079415589567 6 27566 27503.6 50582.56716589543 1.0501052020605093 0
38 0.7474079415589567 6 28201 28178.8 48060.00906146092 0.9752703804829616 0
39 0.7474079415589567 6 28500 28665.0 49239.858903601526 0.9887298245614035 0
40 0.7474079415589567 6 28505 28484.6 50089.448644787495 1.0056130503420453 0
41 0.7474079415589567 6 28308 28220.2 49774.21625213026 1.006238519146531 0
42 0.7474079415589567 6 27723 27754.4 49312.20159238207 1.017934566966057 0
43 0.7474079415589567 6 27896 27835.0 48498.25897320391 0.9949240034413537 0
44 0.7474079415589567 6 28256 28207.2 48639.10005329356 0.985100509626274 0
45 0.7474079415589567 6 28478 28472.6 49289.485289141805 0.9904909052602009 0
46 0.7474079415589567 6 28024 27967.2 49753.24735683155 1.016007707679132 0
47 0.7474079415589567 6 27875 27905.4 48870.107383167655 1.0033076233183857 0
48 0.7474079415589567 6 28383 28480.4 48762.11757237931 0.9831730261071768 0
49 0.7474079415589567 6 27849 27767.6 49766.877138775715 1.0226722683040683 0
50 0.7474079415589567 6 27876 27755.6 48521.32475803248 0.9961113502654613 0
51 0.7474079415589567 6 27601 27516.4 48500.35586273378 1.0056012463316546 0
52 0.7474079415589567 6 26919 26727.8 48082.37588311288 1.0221925034362347 0
53 0.7474079415589567 6 27559 27394.2 46704.36998039948 0.9698392539642222 0
54 0.7474079415589567 6 27978 28003.8 47868.84263265437 0.9791336049753377 0
