0 0.29271215413236695 7 27920 27920 36092.52334337569 0 0
1 0.29271215413236695 7 27650 27650 35743.491061759945 0 0
2 0.29271215413236695 7 27638 27638 35727.978515910356 0 0
3 0.29271215413236695 7 27863 27863 36018.83875059014 0 0
4 0.29271215413236695 7 27245 27245 35219.94263933634 0 0
5 0.29271215413236695 7 27094 27094 35024.74310406235 0 0
6 0.29271215413236695 7 27513 27513 35566.38949664381 0 0
7 0.29271215413236695 7 27984 28039.666666666668 36247.21789782019 0 0
8 0.29271215413236695 7 27178 27101.333333333332 36247.21789782019 1.0317045649667624 0
9 0.29271215413236695 7 27346 27259.833333333332 35034.222993192656 0.9910529266925083 0
0 0.29271215413236695 7 27428 27428 35456.50896354256 0 0
1 0.29271215413236695 7 27423 27423 35450.0454027719 0 0
2 0.29271215413236695 7 27669 27669 35768.05259268846 0 0
3 0.29271215413236695 7 27523 27523 35579.316618185134 0 0
4 0.29271215413236695 7 27849 27849 36000.74078043229 0 0
5 0.29271215413236695 7 27546 27546 35609.04899773018 0 0
6 0.29271215413236695 7 27918 27918 36089.93791906742 0 0
7 0.29271215413236695 7 27063 27003.0 34907.106298036306 0 0
8 0.29271215413236695 7 27602 27590.833333333332 34907.106298036306 0.9782986740091297 0
9 0.29271215413236695 7 27788 27832.166666666668 35667.005592640446 0.992904611103114 0
0 0.29271215413236695 7 28058 28058 36270.91762064595 0 0
1 0.29271215413236695 7 27294 27294 35283.285534888826 0 0
2 0.29271215413236695 7 27505 27505 35556.04779941075 0 0
3 0.29271215413236695 7 27392 27392 35409.97132599379 0 0
4 0.29271215413236695 7 27763 27763 35889.5675351769 0 0
5 0.29271215413236695 7 27001 27001 34904.52087372804 0 0
6 0.29271215413236695 7 27347 27347 35351.799279057836 0 0
7 0.29271215413236695 7 27248 27240.333333333332 35213.90998261705 0 0
8 0.29271215413236695 7 27601 27617.0 35213.90998261705 0.9869328405975628 0
9 0.29271215413236695 7 27215 27185.5 35700.83156067358 1.0147712658460408 0
0 0.29271215413236695 7 18612 18612 24059.958612711613 0 0
1 0.29271215413236695 7 27151 27151 35098.427696847895 0 0
2 0.29271215413236695 7 27276 27276 35260.01671611444 0 0
3 0.29271215413236695 7 27283 27283 35269.065701193365 0 0
4 0.29271215413236695 7 27731 27731 35848.20074624467 0 0
5 0.29271215413236695 7 27513 27513 35566.38949664381 0 0
6 0.29271215413236695 7 27862 27862 36017.546038436005 0 0
7 0.29271215413236695 7 27297 27321.333333333332 35318.619667101775 0 0
8 0.29271215413236695 7 27133 27109.166666666668 35318.619667101775 1.006941117212742 0
9 0.29271215413236695 7 27355 27367.0 35044.34923840003 0.9910132212270761 0
0 0.29271215413236695 7 27688 27688 35792.61412361698 0 0
1 0.29271215413236695 7 27163 27163 35113.940242697485 0 0
2 0.29271215413236695 7 27469 27469 35509.51016186199 0 0
3 0.29271215413236695 7 27678 27678 35779.687002075654 0 0
4 0.29271215413236695 7 26838 26838 34693.80879260446 0 0
5 0.29271215413236695 7 26950 26950 34838.59255386729 0 0
6 0.29271215413236695 7 27414 27414 35438.41099338471 0 0
7 0.29271215413236695 7 26496 26384.833333333332 34107.99473475681 0 0
8 0.29271215413236695 7 27453 27450.333333333332 34107.99473475681 0.961091076870773 0
9 0.29271215413236695 7 27142 27052.666666666668 35485.37953498485 1.0113600078598972 0
0 0.29271215413236695 7 27266 27266 35247.08959457312 0 0
1 0.29271215413236695 7 27517 27517 35571.56034526034 0 0
2 0.29271215413236695 7 27354 27354 35360.84826413677 0 0
3 0.29271215413236695 7 27075 27075 35000.181573133836 0 0
4 0.29271215413236695 7 27753 27753 35876.64041363558 0 0
5 0.29271215413236695 7 27830 27830 35976.17924950377 0 0
6 0.29271215413236695 7 27196 27196 35156.59974378385 0 0
7 0.29271215413236695 7 28180 28290.5 36571.473196481726 0 0
8 0.29271215413236695 7 27016 26959.666666666668 36571.473196481726 1.0471757477050636 0
