0 0.29271215413236695 7 27960 27960 36144.23182954098 0 0
1 0.29271215413236695 7 27690 27690 35795.199547925244 0 0
2 0.29271215413236695 7 27678 27678 35779.687002075654 0 0
3 0.29271215413236695 7 27903 27903 36070.54723675543 0 0
4 0.29271215413236695 7 27285 27285 35271.65112550163 0 0
5 0.29271215413236695 7 27134 27134 35076.45159022765 0 0
6 0.29271215413236695 7 27553 27553 35618.09798280911 0 0
7 0.29271215413236695 7 28024 28079.666666666668 36298.92638398549 0 0
8 0.29271215413236695 7 27218 27141.333333333332 36298.92638398549 1.0316579714404683 0
9 0.29271215413236695 7 27386 27299.833333333332 35085.93147935795 0.9910659947905255 0
10 0.29271215413236695 7 27456 27484.5 35290.826355787925 0.9943121114996114 0
11 0.29271215413236695 7 27443 27494.5 35529.547200251036 1.0015122253397952 0
12 0.29271215413236695 7 27689 27711.666666666668 35542.47432179236 0.992975549857344 0
13 0.29271215413236695 7 27543 27462.833333333332 35823.208311264774 1.0061237580026383 0
14 0.29271215413236695 7 27869 27977.5 35501.538436911505 0.9854258614709295 0
15 0.29271215413236695 7 70196 27977.5 36166.8542922383 0.3985625961593253 1
16 0.29271215413236695 7 156410 27977.5 36166.8542922383 0.178872834217761 1
17 0.29271215413236695 7 149367 27977.5 36166.8542922383 0.18730710263980666 1
18 0.29271215413236695 7 149510 27977.5 36166.8542922383 0.18712795130760485 1
19 0.29271215413236695 7 149500 27977.5 36166.8542922383 0.18714046822742475 1
20 0.29271215413236695 7 149040 27977.5 36166.8542922383 0.18771806226516372 1
21 0.29271215413236695 7 148632 27977.5 36166.8542922383 0.18823335486301737 1
22 0.29271215413236695 7 147401 27977.5 36166.8542922383 0.18980536088628977 1
23 0.29271215413236695 7 148409 27977.5 36166.8542922383 0.18851619510946102 1
24 0.29271215413236695 7 148654 27977.5 36166.8542922383 0.18820549732936886 1
25 0.29271215413236695 7 148506 27977.5 36166.8542922383 0.1883930615598023 1
26 0.29271215413236695 7 148540 27977.5 36166.8542922383 0.18834993941025988 1
27 0.29271215413236695 7 148422 27977.5 36166.8542922383 0.1884996833353546 1
28 0.29271215413236695 7 149249 27977.5 36166.8542922383 0.18745519232959684 1
29 0.29271215413236695 7 147129 27977.5 36166.8542922383 0.1901562574339525 1
30 0.29271215413236695 7 137284 27977.5 36166.8542922383 0.2037928673406952 1
31 0.29271215413236695 7 146739 27977.5 36166.8542922383 0.19066165095850457 1
32 0.29271215413236695 7 144108 27977.5 36166.8542922383 0.19414258750381658 1
33 0.29271215413236695 7 147348 27977.5 36166.8542922383 0.1898736324890735 1
34 0.29271215413236695 7 146915 27977.5 36166.8542922383 0.19043324371235068 1
35 0.29271215413236695 7 147360 27977.5 36166.8542922383 0.18985817046688383 1
36 0.29271215413236695 7 147378 27977.5 36166.8542922383 0.18983498215473138 1
37 0.29271215413236695 7 145729 27977.5 36166.8542922383 0.19198306445525598 1
38 0.29271215413236695 7 147441 27977.5 36166.8542922383 0.1897538676487544 1
39 0.29271215413236695 7 148475 27977.5 36166.8542922383 0.18843239602626705 1
40 0.29271215413236695 7 146072 27977.5 36166.8542922383 0.19153225806451613 1
41 0.29271215413236695 7 148180 27977.5 36166.8542922383 0.18880753138075315 1
42 0.29271215413236695 7 148852 27977.5 36166.8542922383 0.1879551500819606 1
43 0.29271215413236695 7 148866 27977.5 36166.8542922383 0.18793747396987895 1
44 0.29271215413236695 7 145796 27977.5 36166.8542922383 0.19189483936459162 1
45 0.29271215413236695 7 53432 27977.5 36166.8542922383 0.5236094475220842 1
46 0.29271215413236695 7 27434 27977.5 36166.8542922383 1.0198111832033243 0
47 0.29271215413236695 7 26516 26359.333333333332 36166.8542922383 1.0551176648061549 0
48 0.29271215413236695 7 27473 27478.0 34075.030574826436 0.9594632305657675 0
49 0.29271215413236695 7 27226 27148.833333333332 35521.14457124918 1.009255858370675 0
50 0.29271215413236695 7 27306 27266.5 35095.62682051394 0.9942442442442442 0
51 0.29271215413236695 7 27557 27505.0 35247.73595065018 0.9894582138839496 0
52 0.29271215413236695 7 27394 27387.333333333332 35556.04779941075 1.0040519821858802 0
53 0.29271215413236695 7 27115 27214.833333333332 35403.93866927451 1.0100436412809637 0
54 0.29271215413236695 7 27793 27846.333333333332 35180.94582268668 0.979197399824896 0
55 0.29271215413236695 7 27870 27977.333333333332 35997.29354802127 0.9991508192799904 0
56 0.29271215413236695 7 27236 27224.333333333332 36166.6388402126 1.0272188769765507 0
57 0.29271215413236695 7 28220 28330.5 35193.22658815093 0.9647176943066382 0
58 0.29271215413236695 7 27056 26999.666666666668 36623.181682647024 1.0471060023654641 0
