0 0.39271215413236693 7 27920 27920 38884.52334337568 0 0
1 0.39271215413236693 7 27650 27650 38508.491061759945 0 0
2 0.39271215413236693 7 27638 27638 38491.77851591035 0 0
3 0.39271215413236693 7 27863 27863 38805.13875059014 0 0
4 0.39271215413236693 7 27245 27245 37944.44263933633 0 0
5 0.39271215413236693 7 27094 27094 37734.14310406235 0 0
6 0.39271215413236693 7 27513 27513 38317.689496643805 0 0
7 0.39271215413236693 7 27984 28039.666666666668 39051.18456448686 0 0
8 0.39271215413236693 7 27178 27101.333333333332 39051.18456448686 1.0317045649667624 0
9 0.39271215413236693 7 27346 27259.833333333332 37744.35632652598 0.9910529266925083 0
10 0.39271215413236693 7 27428 27458.5 37965.101202955964 0.9938687958776918 0
11 0.39271215413236693 7 27423 27477.833333333332 38241.7866842436 1.0012945337855086 0
12 0.39271215413236693 7 27669 27695.0 38268.71245255682 0.9930909441372414 0
13 0.39271215413236693 7 27523 27446.166666666668 38571.1631086959 1.0062493187515895 0
14 0.39271215413236693 7 27849 27960.833333333332 38224.609901009295 0.9855350880342801 0
15 0.39271215413236693 7 27546 27579.333333333332 38941.392423002755 1.0150596577845543 0
16 0.39271215413236693 7 27918 27999.666666666668 38410.072736201255 0.9878692360961864 0
17 0.39271215413236693 7 27063 27003.0 38995.47607832156 1.0346105999581225 0
18 0.39271215413236693 7 27602 27590.833333333332 37607.4062980363 0.9782986740091297 0
19 0.39271215413236693 7 27788 27832.166666666668 38426.088925973774 0.992904611103114 0
20 0.39271215413236693 7 28058 28092.833333333332 38762.196792504394 0.9919511963314088 0
21 0.39271215413236693 7 27294 27252.0 39125.23042734822 1.0292677267287071 0
22 0.39271215413236693 7 27505 27436.166666666668 37954.19162441526 0.9908016724231958 0
23 0.39271215413236693 7 27392 27446.833333333332 38210.68277946797 1.0016123929127727 0
24 0.39271215413236693 7 27763 27789.833333333332 38225.53837577871 0.9886119415529061 0
25 0.39271215413236693 7 27001 26869.833333333332 38703.23864464612 1.0292149673468884 0
26 0.39271215413236693 7 27347 27228.5 37421.94346284434 0.9825514072232177 0
27 0.39271215413236693 7 27248 27240.333333333332 37921.46288879315 0.9992843511450382 0
28 0.39271215413236693 7 27601 27617.0 37937.94331595038 0.9869328405975628 0
29 0.39271215413236693 7 27215 27185.5 38462.531560673575 1.0147712658460408 0
30 0.39271215413236693 7 18612 17086.833333333332 37861.57626616546 1.4606436707500536 0
31 0.39271215413236693 7 27151 27176.0 23797.040458967396 0.6293261144463678 0
32 0.39271215413236693 7 27276 27264.166666666668 37848.3455007012 0.9963337732805396 0
33 0.39271215413236693 7 27283 27288.833333333332 37971.136288957205 0.9993097044557662 0
34 0.39271215413236693 7 27731 27752.666666666668 38005.4898554258 0.9840551488706982 0
35 0.39271215413236693 7 27513 27562.666666666668 38651.476176250864 1.0087110335720084 0
36 0.39271215413236693 7 27862 29403.666666666668 38386.86086696572 0.9892565740674276 0
37 0.39271215413236693 7 27297 27321.333333333332 40950.843942723404 1.077175758019807 0
38 0.39271215413236693 7 27133 27109.166666666668 38050.75300043511 1.006941117212742 0
39 0.39271215413236693 7 27355 27367.0 37755.26590506669 0.9910132212270761 0
40 0.39271215413236693 7 27688 27680.833333333332 38114.35352214048 0.9884065299046518 0
41 0.39271215413236693 7 27163 27104.666666666668 38551.43301984569 1.0190639227380383 0
42 0.39271215413236693 7 27469 27403.5 37748.99870037309 0.9867365636414382 0
43 0.39271215413236693 7 27678 27741.5 38165.187515766316 0.990082375894212 0
44 0.39271215413236693 7 26838 26788.833333333332 38635.924223863054 1.0336649526790371 0
45 0.39271215413236693 7 26950 26882.5 37309.13377835962 0.9940197897340755 0
46 0.39271215413236693 7 27414 27368.333333333332 37439.58448346335 0.9806120960093383 0
47 0.39271215413236693 7 26496 26384.833333333332 38116.210471679326 1.0329232085346216 0
48 0.39271215413236693 7 27453 27450.333333333332 36746.47806809014 0.961091076870773 0
49 0.39271215413236693 7 27142 27052.666666666668 38230.41286831818 1.0113600078598972 0
50 0.39271215413236693 7 27266 27337.333333333332 37676.57766835821 0.9921758478202402 0
51 0.39271215413236693 7 27517 27611.5 38073.036394901224 0.9934707029593827 0
52 0.39271215413236693 7 27354 27344.0 38454.87164382585 1.0094136140966585 0
53 0.39271215413236693 7 27075 27171.5 38082.321142595436 1.0099353647276086 0
54 0.39271215413236693 7 27753 27803.0 37842.0782960076 0.979047310200699 0
55 0.39271215413236693 7 27830 27944.666666666668 38721.576021342196 0.9990298239310097 0
56 0.39271215413236693 7 27196 27184.333333333332 38918.87690984428 1.0275285581212923 0
57 0.39271215413236693 7 28180 28290.5 37859.951435318966 0.9646676129642773 0
58 0.39271215413236693 7 27016 26959.666666666668 39400.52319648172 1.0471757477050636 0
59 0.39271215413236693 7 27362 27409.833333333332 37547.0554380239 0.9852959091684331 0
0 0.5706739450753624 7 26641 26641 41844.32457075273 0 0
1 0.5706739450753624 7 27518 27518 43221.80562058382 0 0
2 0.5706739450753624 7 27361 27361 42975.20981120699 0 0
3 0.5706739450753624 7 27814 27814 43686.72510832613 0 0
4 0.5706739450753624 7 26985 26985 42384.636407858656 0 0
5 0.5706739450753624 7 27831 27831 43713.42656539241 0 0
6 0.5706739450753624 7 27551 27551 43273.63786077131 0 0
7 0.5706739450753624 7 27014 26930.0 42298.24934087951 0 0
8 0.5706739450753624 7 27504 27527.833333333332 42298.24934087951 0.97913030831879 0
9 0.5706739450753624 7 27541 27495.5 43237.25058104373 0.999521924887743 0
10 0.5706739450753624 7 28134 28325.5 43186.46545681963 0.977305040164925 0
11 0.5706739450753624 7 27320 27234.833333333332 44490.12483123218 1.0368045387994143 0
12 0.5706739450753624 7 27359 27327.0 42777.04311513665 0.995461578761407 0
13 0.5706739450753624 7 28177 28370.833333333332 42921.80689707443 0.9698335521879548 0
14 0.5706739450753624 7 27505 27505.166666666668 44561.32871674226 1.0314791250075743 0
15 0.5706739450753624 7 27531 27529.333333333332 43201.648638288694 0.9990616638213893 0
16 0.5706739450753624 7 27286 27144.666666666668 43239.60659196134 1.0089178821862248 0
17 0.5706739450753624 7 27278 27271.0 42635.420681089025 0.9951120561135959 0
18 0.5706739450753624 7 27418 27427.833333333332 42833.84915615021 0.9946385586111314 0
19 0.5706739450753624 7 27694 27613.5 43080.18318653619 0.9903890132640042 0
20 0.5706739450753624 7 27109 27043.0 43371.80498233852 1.0186100557010587 0
21 0.5706739450753624 7 27807 27853.0 42475.73549667303 0.9725249038012012 0
22 0.5706739450753624 7 27218 27206.666666666668 43747.98139218407 1.0233301491659932 0
23 0.5706739450753624 7 27293 27295.5 42732.80246568369 0.9968367957595965 0
24 0.5706739450753624 7 27464 27471.666666666668 42872.330667804556 0.9938646956015147 0
25 0.5706739450753624 7 27087 26985.833333333332 43149.03106112867 1.0142011543052634 0
26 0.5706739450753624 7 26868 26827.833333333332 42385.945302812885 1.0043856384298546 0
27 0.5706739450753624 7 27315 27233.0 42137.77881949097 0.9821648666788699 0
28 0.5706739450753624 7 27627 27695.166666666668 42774.163546237345 0.9857385890614254 0
29 0.5706739450753624 7 27483 27514.666666666668 43500.07668785301 1.007719923831702 0
30 0.5706739450753624 7 26825 26718.5 43216.57004076691 1.0257098477788134 0
31 0.5706739450753624 7 27364 27410.166666666668 41966.05180149607 0.976410612483555 0
32 0.5706739450753624 7 27088 27124.666666666668 43052.43461350653 1.0118933353022248 0
33 0.5706739450753624 7 27208 27190.166666666668 42604.00720218752 0.9969371753405861 0
34 0.5706739450753624 7 27765 27788.0 42706.88634558995 0.9792964763791344 0
35 0.5706739450753624 7 27085 27018.666666666668 43645.88758575417 1.025955325826103 0
36 0.5706739450753624 7 28115 28330.0 42437.51576400953 0.9610053945106408 0
37 0.5706739450753624 7 27937 28032.5 44497.192863985016 1.0140673658588968 0
38 0.5706739450753624 7 26932 26906.0 44029.9173653251 1.0408621713946236 0
39 0.5706739450753624 7 27684 27763.333333333332 42260.5531661977 0.9718971246929634 0
40 0.5706739450753624 7 27940 27969.166666666668 43607.14429510898 0.9936769267477928 0
41 0.5706739450753624 7 27698 27800.166666666668 43930.44134880366 1.0097901172166464 0
42 0.5706739450753624 7 27260 27117.5 43664.997452085925 1.0198153582783076 0
43 0.5706739450753624 7 28354 28423.5 42592.75070558114 0.9563906327149608 0
44 0.5706739450753624 7 27313 27376.5 44644.050877849564 1.0406582945849963 0
45 0.5706739450753624 7 27440 27399.333333333332 42999.555257355656 0.9976858600583091 0
46 0.5706739450753624 7 26959 26795.5 43035.418979101545 1.0163334446134253 0
47 0.5706739450753624 7 27837 27860.166666666668 42086.99369526687 0.962585767144448 0
48 0.5706739450753624 7 27300 27306.666666666668 43759.23788879044 1.0205189255189255 0
49 0.5706739450753624 7 28173 28142.833333333332 42889.86986019123 0.9692495178598896 0
50 0.5706739450753624 7 26677 26571.0 44203.21505726508 1.0549474578600793 0
51 0.5706739450753624 7 27409 27403.833333333332 41734.37739459745 0.9694261009157576 0
52 0.5706739450753624 7 27538 27634.5 43042.487011854384 0.9951279444162006 0
53 0.5706739450753624 7 27642 27609.5 43404.7891351851 0.9997286737573258 0
54 0.5706739450753624 7 27304 27304.666666666668 43365.52228655822 1.011188836800469 0
55 0.5706739450753624 7 26909 26698.333333333332 42886.72851230108 1.014703878504094 0
56 0.5706739450753624 7 27267 27365.333333333332 41934.376543603714 0.9791445092358284 0
57 0.5706739450753624 7 26552 26409.166666666668 42982.01606496898 1.030631716380436 0
58 0.5706739450753624 7 27639 27655.833333333332 41480.18999448609 0.955503696467552 0
59 0.5706739450753624 7 26800 26659.666666666668 43438.29684601338 1.03193407960199 0
0 0.24646333880925014 6 27219 27219 33927.48561904898 0 0
1 0.24646333880925014 6 26753 26753 33346.63370316387 0 0
2 0.24646333880925014 6 27146 27146 33836.4937953159 0 0
3 0.24646333880925014 6 27392 27392 34143.12377666298 0 0
4 0.24646333880925014 6 26992 26992 33644.53844113928 0 0
5 0.24646333880925014 6 26777 26777 33376.54882329529 0 0
6 0.24646333880925014 6 26744 26742.2 33333.17189910473 0 0
7 0.24646333880925014 6 27050 27030.8 33333.17189910473 0.9886210720887246 0
8 0.24646333880925014 6 27140 27089.6 33692.901218685074 0.9959764185703758 0
9 0.24646333880925014 6 26893 26873.2 33766.19326300706 1.0073104525341166 0
10 0.24646333880925014 6 27091 27153.8 33496.45859648874 0.9919604296629877 0
11 0.24646333880925014 6 26844 26864.0 33846.216209358616 1.011540753985993 0
12 0.24646333880925014 6 26808 26759.6 33484.99113377169 1.0020889286780066 0
13 0.24646333880925014 6 26894 26844.8 33354.86036120001 0.9950026028110359 0
14 0.24646333880925014 6 27339 27428.2 33461.05903766656 0.9819232598119901 0
15 0.24646333880925014 6 27139 27148.6 34188.24574952787 1.0106562511514794 0
16 0.24646333880925014 6 27627 27783.6 33839.7345999968 0.9826836066167155 0
17 0.24646333880925014 6 26988 27024.0 34631.23882014068 1.029479768786127 0
18 0.24646333880925014 6 26815 26799.2 33684.425267981176 1.007794145068059 0
19 0.24646333880925014 6 27113 27067.8 33404.22030941686 0.9884262162062479 0
20 0.24646333880925014 6 27599 27691.0 33739.02036222102 0.980752925830646 0
21 0.24646333880925014 6 26906 26761.8 34515.81631496694 1.0291756485542258 0
22 0.24646333880925014 6 27431 27519.6 33357.60258054539 0.9756042433742845 0
23 0.24646333880925014 6 26676 26648.2 34302.172498695036 1.0316239316239315 0
24 0.24646333880925014 6 26532 26415.8 33216.00434525666 1.0043796170661843 0
25 0.24646333880925014 6 27153 27063.8 32926.32626531739 0.9728501454719551 0
26 0.24646333880925014 6 28179 28433.6 33734.034508865785 0.9604244295397282 0
27 0.24646333880925014 6 27546 27569.0 35441.43999036669 1.0322224642416322 0
28 0.24646333880925014 6 27008 27074.4 34363.747787632215 1.0207716232227488 0
29 0.24646333880925014 6 27178 27307.2 33747.247020257164 0.9961880933107661 0
30 0.24646333880925014 6 29215 29627.4 34037.423685531954 0.9346979291459867 0
31 0.24646333880925014 6 28332 28362.6 36929.46792423718 1.045722151630665 0
32 0.24646333880925014 6 27310 27262.8 35352.94109331124 1.0385426583668984 0
33 0.24646333880925014 6 26180 26014.4 33982.08071328882 1.0413598166539342 0
34 0.24646333880925014 6 30386 31027.6 32425.995881119357 0.8561311130125716 0
35 0.24646333880925014 6 27532 27195.4 38674.76589123788 1.1269649861978788 0
36 0.24646333880925014 6 27319 27116.4 33898.06908425308 0.9954756762692633 0
37 0.24646333880925014 6 28198 28375.6 33799.59848048715 0.961642669692886 0
38 0.24646333880925014 6 28542 29014.4 35369.14511671576 0.9941699950949477 0
39 0.24646333880925014 6 28067 27603.2 36165.38589754711 1.0337549435279867 0
40 0.24646333880925014 6 27945 28027.6 34406.37683381949 0.987768831633566 0
41 0.24646333880925014 6 26913 26831.8 34935.37587481014 1.0414149295879314 0
42 0.24646333880925014 6 27537 27404.8 33444.85501426204 0.9743908196245051 0
43 0.24646333880925014 6 27890 27759.6 34159.07850739974 0.9826030835424884 0
44 0.24646333880925014 6 29279 29521.4 34601.323700009256 0.9481061511663649 0
45 0.24646333880925014 6 26854 26635.8 36797.3428103234 1.0993297087957101 0
46 0.24646333880925014 6 27292 27367.8 33200.548199855424 0.9759563241975671 0
47 0.24646333880925014 6 27832 27891.0 34112.959363863796 0.9833213567116987 0
48 0.24646333880925014 6 27272 27148.4 34765.108982728794 1.0226972719272514 0
49 0.24646333880925014 6 27342 26954.6 33839.48530732904 0.9929193182649404 0
50 0.24646333880925014 6 26737 26713.6 33597.92071226781 1.008138534614953 0
51 0.24646333880925014 6 27936 28064.8 33297.523047614784 0.9562428407789232 0
52 0.24646333880925014 6 27677 27646.0 34981.74431101384 1.0140116342089098 0
53 0.24646333880925014 6 27079 27040.4 34459.725464720526 1.0209387348129546 0
54 0.24646333880925014 6 26703 26575.2 33704.867266737645 1.012635284424971 0
55 0.24646333880925014 6 26638 26618.2 33125.01252152358 0.9976424656505744 0
56 0.24646333880925014 6 27634 27573.6 33178.61044509238 0.963240935079974 0
57 0.24646333880925014 6 27096 26979.8 34369.48151899074 1.0176262178919397 0
58 0.24646333880925014 6 27654 27769.0 33629.3315884058 0.9756201634483257 0
59 0.24646333880925014 6 27131 27216.6 34613.04045539407 1.023515535734031 0
0 0.3466301254126239 5 27645 27645 37227.589817031985 0 0
1 0.3466301254126239 5 27380 27380 36870.73283379764 0 0
2 0.3466301254126239 5 27184 27184 36606.793329216765 0 0
3 0.3466301254126239 5 30759 30759 41420.9960275669 0 0
4 0.3466301254126239 5 26945 26945 36284.94872924315 0 0
5 0.3466301254126239 5 27648 27715.0 37321.85392581087 0 0
6 0.3466301254126239 5 27856 28024.0 37321.85392581087 0.9949382538770821 0
7 0.3466301254126239 5 27001 26061.5 37737.96263456337 1.0378874856486797 0
8 0.3466301254126239 5 27464 27593.75 35095.201013441096 0.9489331488494028 0
9 0.3466301254126239 5 27566 27545.5 37158.57502310459 1.0010066748893565 0
10 0.3466301254126239 5 26722 26438.5 37093.600119553426 1.030817304094005 0
11 0.3466301254126239 5 27866 28082.25 35602.88057072165 0.9487726979114333 0
12 0.3466301254126239 5 27493 27500.25 37816.40383936866 1.0214327283308478 0
13 0.3466301254126239 5 27269 27194.75 37032.66510637851 1.0084803256445047 0
14 0.3466301254126239 5 26544 26499.5 36621.26960306495 1.0245158981314044 0
15 0.3466301254126239 5 27651 27597.25 35685.02500837183 0.9583559364941593 0
16 0.3466301254126239 5 28004 28131.75 37163.28822854353 0.9854752892443936 0
17 0.3466301254126239 5 26793 26674.0 37883.06203057658 1.049966409136715 0
18 0.3466301254126239 5 27477 27710.25 35920.01196525633 0.9707755577392001 0
19 0.3466301254126239 5 26935 26756.0 37315.45743271516 1.0287822535734175 0
20 0.3466301254126239 5 29024 29279.0 36030.43563554016 0.9218577728776185 0
21 0.3466301254126239 5 27765 28008.0 39427.98344195621 1.054529083378354 0
22 0.3466301254126239 5 27297 27252.0 37716.416552556766 1.0260468183316849 0
23 0.3466301254126239 5 27478 27613.75 36698.36417774483 0.9917752383725162 0
24 0.3466301254126239 5 28630 28531.5 37185.507625612845 0.9645040167656305 0
25 0.3466301254126239 5 27780 27783.75 38421.37742321028 1.0270518358531318 0
26 0.3466301254126239 5 27419 27449.5 37414.43474693299 1.0133028192129545 0
27 0.3466301254126239 5 28096 28250.5 36964.32362751382 0.9769896070615034 0
28 0.3466301254126239 5 27732 27507.5 38042.97435796933 1.0186968123467475 0
29 0.3466301254126239 5 27383 27283.75 37042.42817478775 1.0045466165138954 0
30 0.3466301254126239 5 27519 27544.0 36741.11968422667 0.9914513608779388 0
31 0.3466301254126239 5 27512 27366.0 37091.580174365314 1.0011631288165164 0
32 0.3466301254126239 5 27187 27050.75 36851.88001204187 1.0065840291315702 0
33 0.3466301254126239 5 27382 27381.75 36427.35486500553 0.9879026367686802 0
34 0.3466301254126239 5 30862 31697.75 36873.08943651711 0.8872318709092087 0
35 0.3466301254126239 5 29066 29454.5 42685.145057798 1.0905439344939105 0
36 0.3466301254126239 5 27585 27684.5 39664.31702896613 1.0677723400398766 0
37 0.3466301254126239 5 27879 28003.25 37280.781706985785 0.9930234226478711 0
38 0.3466301254126239 5 14798 10782.0 37710.02005946106 1.8923672117853765 0
39 0.3466301254126239 5 27624 27263.5 14519.36601219891 0.39031277150304083 0
40 0.3466301254126239 5 27135 27022.5 36713.85042418707 1.0047355813524967 0
41 0.3466301254126239 5 27863 27859.0 36389.31256396263 0.9698345476079389 0
42 0.3466301254126239 5 27283 30404.25 37515.76866387029 1.0211120477953304 0
43 0.3466301254126239 5 27648 27654.0 40943.27899057677 1.0996907552083333 0
44 0.3466301254126239 5 27663 27795.0 37239.7094881607 0.9996746556772584 0
45 0.3466301254126239 5 27722 27686.75 37429.58433584388 1.0026332876415842 0
46 0.3466301254126239 5 28095 28298.0 37283.811624767965 0.9854689446520734 0
47 0.3466301254126239 5 27969 28049.25 38106.93928892643 1.0117630233472774 0
48 0.3466301254126239 5 27911 27973.0 37771.96504523004 1.004953244240622 0
49 0.3466301254126239 5 27752 27759.5 37669.284498167326 1.0079633900259442 0
50 0.3466301254126239 5 28354 28418.75 37381.77896639173 0.9790329406785638 0
51 0.3466301254126239 5 27718 27655.25 38269.544876570006 1.0252814055848185 0
52 0.3466301254126239 5 28139 28196.0 37241.39277581747 0.9828085575180354 0
53 0.3466301254126239 5 28089 28173.25 37969.58301613434 1.0038093203745238 0
54 0.3466301254126239 5 27097 26782.75 37938.94718078121 1.039718419013175 0
55 0.3466301254126239 5 27686 27678.0 36066.45799139495 0.9673752076861952 0
56 0.3466301254126239 5 27310 27102.75 37272.0286111706 1.0134749176125961 0
57 0.3466301254126239 5 27679 27576.5 36497.379631526994 0.9791809675205029 0
58 0.3466301254126239 5 27892 28090.75 37135.34565344122 0.9886885128352215 0
59 0.3466301254126239 5 29187 29562.25 37827.850195434665 0.9624404700722925 0
0 0.7474079415589567 6 27373 27373 47831.79758429332 0 0
1 0.7474079415589567 6 27389 27389 47859.75611135826 0 0
2 0.7474079415589567 6 27082 27082 47323.301873299664 0 0
3 0.7474079415589567 6 27022 27022 47218.45739680613 0 0
4 0.7474079415589567 6 27161 27161 47461.347100682826 0 0
5 0.7474079415589567 6 27233 27233 47587.16047247507 0 0
6 0.7474079415589567 6 27475 27492.2 48040.08861092715 0 0
7 0.7474079415589567 6 27381 27440.8 48040.08861092715 1.00406121032833 0
8 0.7474079415589567 6 26878 26849.2 47950.27184273102 1.0209390579656223 0
9 0.7474079415589567 6 27298 27325.4 46916.50530450474 0.9835592351087992 0
10 0.7474079415589567 6 27767 27873.8 47748.62096627512 0.9840962293369828 0
11 0.7474079415589567 6 27468 27466.6 48706.899481426044 1.0147735546818115 0
12 0.7474079415589567 6 27449 27462.6 47995.354967623236 1.0006411891143574 0
13 0.7474079415589567 6 27263 27340.0 47988.365335857 1.007321277922459 0
14 0.7474079415589567 6 27730 27816.4 47774.13312222188 0.985935809592499 0
15 0.7474079415589567 6 27482 27425.0 48606.598265580564 1.0121679644858452 0
16 0.7474079415589567 6 28320 28490.4 47922.66279725439 0.9683968926553672 0
17 0.7474079415589567 6 27721 27775.4 49784.3512181913 1.0277551314887632 0
18 0.7474079415589567 6 28365 28585.4 48534.95453997665 0.9792138198484047 0
19 0.7474079415589567 6 27818 27835.6 49950.354972639405 1.0275864548134301 0
20 0.7474079415589567 6 28220 28367.6 48640.148498058494 0.9863784549964564 0
21 0.7474079415589567 6 27958 27885.6 49569.76952296786 1.0146505472494456 0
22 0.7474079415589567 6 28446 28591.0 48727.51889513644 0.9802995148702804 0
23 0.7474079415589567 6 27918 27828.6 49960.14045711213 1.024106311340354 0
24 0.7474079415589567 6 29430 29752.4 48627.91664246758 0.9455861365953109 0
25 0.7474079415589567 6 28004 27960.8 51989.580040438705 1.0624339380088559 0
26 0.7474079415589567 6 28278 28342.0 48858.923972341676 0.9887827993493175 0
27 0.7474079415589567 6 27148 26888.4 49525.03587966395 1.0439811404155002 0
28 0.7474079415589567 6 28110 28148.4 46985.00369581385 0.9565421558164355 0
29 0.7474079415589567 6 28079 27808.8 49186.73770217814 1.0024715979913814 0
30 0.7474079415589567 6 28499 28598.0 48593.31796522471 0.9757816063721534 0
31 0.7474079415589567 6 27746 27639.6 49972.372312703046 1.0307071289555252 0
32 0.7474079415589567 6 27878 28024.0 48297.65654151294 0.9914484539780472 0
33 0.7474079415589567 6 28312 28352.4 48969.36015424821 0.98982763492512 0
34 0.7474079415589567 6 27675 27594.2 49543.20892225617 1.0244769647696477 0
35 0.7474079415589567 6 28607 28628.6 48218.32422096616 0.9645960778830357 0
36 0.7474079415589567 6 28747 28947.2 50025.842995714745 0.9958813093540195 0
37 0.7474079415589567 6 27566 27503.6 50582.56716589543 1.0501052020605093 0
38 0.7474079415589567 6 28201 28178.8 48060.00906146092 0.9752703804829616 0
39 0.7474079415589567 6 28500 28665.0 49239.858903601526 0.9887298245614035 0
40 0.7474079415589567 6 28505 28484.6 50089.448644787495 1.0056130503420453 0
41 0.7474079415589567 6 28308 28220.2 49774.21625213026 1.006238519146531 0
42 0.7474079415589567 6 27723 27754.4 49312.20159238207 1.017934566966057 0
43 0.7474079415589567 6 27896 27835.0 48498.25897320391 0.9949240034413537 0
44 0.7474079415589567 6 28256 28207.2 48639.10005329356 0.985100509626274 0
45 0.7474079415589567 6 28478 28472.6 49289.485289141805 0.9904909052602009 0
46 0.7474079415589567 6 28024 27967.2 49753.24735683155 1.016007707679132 0
47 0.7474079415589567 6 27875 27905.4 48870.107383167655 1.0033076233183857 0
48 0.7474079415589567 6 28383 28480.4 48762.11757237931 0.9831730261071768 0
49 0.7474079415589567 6 27849 27767.6 49766.877138775715 1.0226722683040683 0
50 0.7474079415589567 6 27876 27755.6 48521.32475803248 0.9961113502654613 0
51 0.7474079415589567 6 27601 27516.4 48500.35586273378 1.0056012463316546 0
52 0.7474079415589567 6 26919 26727.8 48082.37588311288 1.0221925034362347 0
53 0.7474079415589567 6 27559 27394.2 46704.36998039948 0.9698392539642222 0
54 0.7474079415589567 6 27978 28003.8 47868.84263265437 0.9791336049753377 0
