27920
27650
27638
27863
27245
27094
27513
27984
27178
27346
27428
27423
27669
27523
27849
27546
27918
27063
27602
27788
28058
27294
27505
27392
27763
27001
27347
27248
27601
27215
18612
27151
27276
27283
27731
27513
27862
27297
27133
27355
27688
27163
27469
27678
26838
26950
27414
26496
27453
27142
27266
27517
27354
27075
27753
27830
27196
28180
27016
27362
26641
27518
27361
27814
26985
27831
27551
27014
27504
27541
28134
27320
27359
28177
27505
27531
27286
27278
27418
27694
27109
27807
27218
27293
27464
27087
26868
27315
27627
27483
26825
27364
27088
27208
27765
27085
28115
27937
26932
27684
27940
27698
27260
28354
27313
27440
26959
27837
27300
28173
26677
27409
27538
27642
27304
26909
27267
26552
27639
26800
27219
26753
27146
27392
26992
26777
26744
27050
27140
26893
27091
26844
26808
26894
27339
27139
27627
26988
26815
27113
27599
26906
27431
26676
26532
27153
28179
27546
27008
27178
29215
28332
27310
26180
30386
27532
27319
28198
28542
28067
27945
26913
27537
27890
29279
26854
27292
27832
27272
27342
26737
27936
27677
27079
26703
26638
27634
27096
27654
27131
27645
27380
27184
30759
26945
27648
27856
27001
27464
27566
26722
27866
27493
27269
26544
27651
28004
26793
27477
26935
29024
27765
27297
27478
28630
27780
27419
28096
27732
27383
27519
27512
27187
27382
30862
29066
27585
27879
14798
27624
27135
27863
27283
27648
27663
27722
28095
27969
27911
27752
28354
27718
28139
28089
27097
27686
27310
27679
27892
29187
27373
27389
27082
27022
27161
27233
27475
27381
26878
27298
27767
27468
27449
27263
27730
27482
28320
27721
28365
27818
28220
27958
28446
27918
29430
28004
28278
27148
28110
28079
28499
27746
27878
28312
27675
28607
28747
27566
28201
28500
28505
28308
27723
27896
28256
28478
28024
27875
28383
27849
27876
27601
26919
27559
27978
