27960
27690
27678
27903
27285
27134
27553
28024
27218
27386
27456
27443
27689
27543
27869
27586
27958
27103
27642
27828
28098
27334
27545
27432
27803
27029
27367
27268
27621
27235
18652
27191
27316
27323
27771
27553
27902
27337
27173
27395
27716
27183
27489
27698
26858
26990
27454
26536
27493
27182
27306
27557
27394
27115
27793
27858
27216
28200
27036
27382
26681
27558
27401
27854
27025
27871
27591
27054
27544
27581
28162
27340
27399
28217
27545
27571
27326
27318
27458
27734
27149
27847
27246
27313
27484
27107
26888
27335
27647
27503
26865
27404
27128
27248
27805
27125
28155
27977
26972
27724
27968
27738
27300
28394
27353
27480
26999
27877
27340
28213
26717
27437
27558
27662
27324
26929
27307
26592
27679
26840
27259
26793
27186
27432
27032
26817
26772
27070
27160
26913
27111
26884
26848
26934
27379
27179
27667
27028
26855
27153
27639
26934
27451
26696
26552
27173
28199
27566
27028
27198
71865
156824
149614
148088
152098
148514
148657
148094
149559
148958
149450
148106
148711
149538
149193
145526
146880
144664
147337
146526
146584
147452
146109
147387
147823
145022
148651
148479
148842
146089
54127
27400
27204
30779
27029
27688
27896
27041
27504
27606
26762
27906
27533
27309
26544
27651
28004
26793
27477
26935
29024
27765
27297
27478
28630
27780
27419
28096
27732
27383
27519
27512
27187
27382
30862
29066
27585
27879
14798
27624
27135
27863
27283
27648
27663
27722
28095
27969
27911
27752
28354
27718
28139
28089
27097
27686
27310
27679
27892
29187
27373
27389
27082
27022
27161
27233
27475
27381
26878
27298
27767
27468
27449
27263
27730
27482
28320
27721
28365
27818
28220
27958
28446
27918
29430
28004
28278
27148
28110
28079
28499
27746
27878
28312
27675
28607
28747
27566
28201
28500
28505
28308
27723
27896
28256
28478
28024
27875
28383
27849
27876
27601
26919
27559
27978
