12589
12557
12803
12862
12967
13242
13676
12983
12784
12933
12715
13273
13361
12786
12872
13309
13252
13164
13213
13163
13376
13170
13298
13659
13126
13355
13167
13193
13437
13197
13498
13604
13743
13903
14170
14034
14302
13779
14136
15949
16024
16182
15788
15950
16430
16163
15986
13759
14114
13306
13475
13311
13448
13547
14057
13288
13548
13679
13892
13463
13811
13576
13801
13349
13140
13268
13260
13322
13225
14139
13463
13128
13119
13328
14203
13553
13560
13425
13314
13345
13206
13420
13187
13670
12959
13333
13594
12917
13265
12998
13053
13436
13310
13089
13014
13111
12909
13077
13093
13589
13404
13896
13596
13213
12991
13226
12995
13151
13184
13135
13306
13380
13062
13206
13205
13408
13115
13273
13159
13367
13286
12943
13394
13120
13335
13437
13525
13127
13351
13350
12954
13039
13021
13159
12726
12994
13063
12776
12976
12858
13244
13132
12978
13076
13056
13244
13251
13262
12811
13211
13071
12864
13016
12784
12756
12940
13133
13079
12978
13657
13123
13140
13790
13625
13441
13396
14513
13395
14012
13622
13865
13548
13337
13166
13363
13110
13346
13373
13350
13295
13387
13580
13903
13914
13969
14011
13656
13359
13387
13102
14062
13038
13446
13609
13572
13221
13387
13168
13079
13200
13364
12779
13845
12650
13108
13156
13135
13182
12886
12677
12901
12766
13041
12568
12472
12751
13059
13132
12800
12799
13372
12922
12956
12568
12661
12701
12557
12893
13237
12684
13048
12988
12754
12740
13103
13707
13213
12852
13133
12850
13501
13035
13228
13038
13194
12949
13256
12834
12694
12872
12651
12759
12894
12519
12620
12900
12712
12771
12784
12544
12421
12674
12647
13278
13187
12721
13400
12870
13022
13153
13502
13004
13081
13336
12874
12848
13160
13094
13503
12988
13207
13119
13020
13032
12889
13088
13308
13275
13472
13466
13159
13089
13326
13256
13545
13190
13286
13102
12887
13045
13324
13415
13650
13794
13663
13540
13482
13548
13494
13537
13532
13268
13175
13362
13115
13194
13401
13094
13077
12909
12855
13791
13570
13283
13937
14510
13982
13380
14297
13626
14162
14483
14104
14030
14404
14359
13982
13653
14498
13827
13794
13600
13270
13248
13906
13270
13331
13062
12834
13044
13119
13186
13368
13781
13194
13076
13352
13064
13047
13061
13110
13387
13526
13368
13520
13135
13347
13927
13512
14113
14560
14342
14093
13793
14886
13847
14261
13523
13192
13358
13810
13671
13368
13739
13453
13049
13230
13836
13276
13312
13245
13003
12942
12871
13290
13208
13000
12966
12936
12802
13356
13256
12934
12854
13431
13589
13388
13072
13024
12907
13505
13310
13364
13163
13376
13227
12976
13234
13065
13160
12922
12843
12882
12808
12836
12951
12979
12964
13003
12886
12926
13078
14369
13164
13050
12986
13381
12956
13489
13454
12978
13162
12788
12667
19398
22559
12996
13098
13193
12770
12933
12784
12792
13827
12486
12620
12720
12527
12749
12728
12324
12957
12750
12547
12601
12503
12770
12588
12598
12677
13160
12743
12976
12985
13044
13105
12815
12773
13030
13245
14024
13327
13083
12678
13137
13168
13307
13274
13063
13021
12710
12797
12744
12521
12651
12906
12735
13333
12904
12742
13239
12665
12525
12683
12710
12602
12678
12656
12627
12478
12383
12265
12818
12438
12250
12420
12334
12900
13458
12935
12653
12937
12718
13012
12819
12818
13032
13360
13536
13147
13421
13350
12971
13326
12998
13311
13573
13447
13314
13228
13358
12955
13139
13187
14089
12887
13404
12934
12983
12742
12886
13045
12647
13189
13101
13507
13589
13030
13531
13300
13116
12929
13225
13253
13180
12934
12829
12773
13351
13137
13790
12929
13400
13462
14111
13847
13936
14085
14114
13987
13950
14041
13927
13472
13859
14089
13507
14033
13716
14682
13432
13779
13754
13608
13734
13595
13584
13754
13854
14004
13590
13577
13506
13421
13410
13699
13356
13158
13935
13297
13467
13276
12898
13023
13849
13762
12888
13511
13177
13283
13352
14114
13370
13348
13626
13523
14129
13571
13622
13790
13614
13331
13098
13410
13301
12875
13014
13143
13470
12847
13272
13259
13230
12755
13170
12745
12942
13224
13185
13073
12805
12718
13127
12956
12793
12803
13054
13037
13068
13031
13362
13208
13829
12993
12839
13356
13105
14225
13101
13248
13154
13202
13068
12961
12687
12362
12959
12249
12447
12351
12313
12767
12181
12142
12292
12359
12288
13164
12940
13280
13013
12953
12942
13141
13555
13380
13197
13373
13474
13423
13407
13410
13507
13241
13507
13021
13414
13210
13315
13584
13931
14407
13732
13930
13115
13379
13485
13110
13268
13312
13484
13251
12966
13082
13010
13209
13259
13049
13393
13657
13242
12930
12912
12884
12969
13089
12701
12795
12902
12877
12985
12900
12936
13090
13142
13631
13104
13055
13014
13418
13134
13047
13069
12643
12931
12801
12909
14208
13141
13383
13225
13906
13402
13352
13331
13333
13213
12935
13311
13261
13501
13201
12688
12793
12877
13011
12953
12870
13076
12592
12658
12668
13634
12949
12657
12706
12612
13021
12477
12451
12946
12153
12522
12568
12224
12558
12542
12684
12595
12641
12648
12600
12627
13462
13285
13582
13404
13110
13542
13167
13284
13618
13407
13257
12893
13088
13490
13459
13636
13718
13732
13073
13648
13223
13492
13427
13064
13493
13822
13908
13866
13665
13388
13534
14326
13665
13860
13721
13531
14103
14065
14024
13788
14132
14178
14098
14264
14040
14329
14155
14254
14224
14337
13696
13713
14375
14079
14298
14479
14592
14996
14262
14530
14323
14399
14585
14478
14184
14332
14242
14299
14382
14690
13848
13948
13804
13746
14276
13933
13762
14080
13889
13695
13708
13471
13892
13936
13875
13507
13764
13609
13826
14152
14178
14034
14361
14078
14147
13755
14167
14657
13922
14216
13797
13584
13622
13659
13602
13794
13707
13992
13891
13902
13937
14013
14749
14801
14815
15043
15826
15352
16380
15112
15154
15395
14882
14968
15176
15179
15005
15661
15199
14745
15276
15221
15443
15229
14963
15025
15109
14939
14269
14436
14285
14677
15014
14027
14159
14012
14287
14451
14080
14202
14143
14224
14533
14801
14398
14272
14824
14528
14117
14791
15009
14240
14743
14776
15061
15013
15030
14935
14757
14482
14995
14876
14556
14608
15911
14594
14601
14662
14293
14280
14558
14430
14491
14623
14212
14284
14786
14868
14533
14199
14608
14567
14604
15133
14807
14717
14984
14994
15000
15273
15149
15171
14603
15034
14256
14184
14155
14421
14114
14767
15167
15260
16037
15625
15604
15915
16433
16161
16043
16733
17019
16337
16694
16031
16507
15971
16212
15783
16154
14642
14823
15205
15004
15337
15129
14730
14800
14932
14963
14577
14411
14723
14604
15024
14459
14447
14678
14485
14102
14498
15293
14975
15629
14857
15091
15636
15012
15193
15150
15374
15671
15361
15612
15944
15865
15556
15927
16101
16761
16100
16216
15867
16017
16119
16008
16627
16449
16016
15852
16122
16018
15884
15741
16140
16463
15418
16115
15971
15713
15361
15311
15661
15129
15168
15189
15282
15496
15304
15692
14916
15401
15062
15163
15158
15606
15550
15219
15319
15652
15575
15467
15458
15792
16048
16006
15695
15451
15204
15155
15358
14663
15064
14860
14573
15412
15105
14840
14318
14092
14073
14213
14333
14785
14408
13933
14340
14505
14231
14412
14306
14093
14142
14423
14625
14551
14320
14517
14416
14507
14403
14386
14448
14600
14637
14611
14623
14560
14494
14575
14806
15066
15094
14116
13905
13492
13293
12614
12919
12585
12662
12808
12487
12648
12522
12716
13493
14438
13502
13692
13611
13625
13477
13331
13359
13062
13065
13230
13173
12893
13217
13205
13276
13268
13423
13346
13582
13467
13705
13761
13533
13836
13670
13524
13993
13852
14626
14833
14363
15213
14665
14089
14215
14235
14412
13933
14154
14030
13678
13514
13644
13853
13854
13504
13415
13884
13701
13825
13464
13671
13518
13707
13241
13352
13415
13355
13499
14123
13351
13181
13374
13678
13592
13483
13536
13587
13488
13782
13529
13523
13542
13372
13570
13391
13706
13644
13469
17895
17671
17552
18066
17514
17644
17651
17722
14629
15709
13724
13719
13704
13530
13582
13524
14760
13679
13062
13205
13192
13331
13338
13107
13311
13212
13196
13062
13045
13060
12943
12962
12937
12669
12811
12856
12624
12771
12741
12478
12619
12480
12667
12970
12845
13081
13039
12992
12950
13055
13958
13581
13471
13677
13609
13278
13494
13667
13241
13407
13742
16678
17572
17729
17558
14677
13578
13732
13822
13439
13354
13487
13208
13443
13002
13222
13081
12978
12741
11868
11538
11784
11648
11757
11442
11401
12309
11585
12090
12157
12050
12155
12273
12324
12090
12192
12587
12408
12320
12603
12372
12731
12780
12776
13475
12774
12588
12820
12909
12927
12673
12853
12847
13062
13007
12500
13174
12709
12976
13081
13013
13119
13092
12903
12927
12946
12821
12380
12705
12899
12846
13065
12764
13103
12769
12518
13303
12580
12617
12810
12467
12654
12387
12588
12424
12490
12669
12776
12749
12865
12746
12906
13268
13129
13608
13181
13470
13667
13466
13471
13170
13512
13502
13880
13990
13946
13850
13762
13829
13698
13316
13259
13628
13496
13323
13562
13765
13392
13190
13359
13574
13063
12840
12547
12644
12735
12581
12456
12833
12826
12836
12697
12848
12777
12751
12423
12637
12754
12872
13144
12882
13345
13087
13287
12867
12930
12966
12927
12950
12874
12902
13069
13027
12558
12667
12228
12706
12439
12519
12525
12786
12441
12320
12409
12497
12247
12516
12898
12449
12640
12255
12235
12460
12634
12471
12466
12136
12310
12252
12329
13686
13415
12274
12735
12507
12413
12391
12256
12370
12692
12613
12544
12845
12718
12430
12554
12559
12393
12568
12480
12757
12721
12543
12368
12463
12675
13273
13303
12907
12854
13698
12724
12852
12813
12840
12655
12932
13257
12819
14836
13577
13399
13039
13162
19753
21746
12635
13042
13003
13055
12758
12885
13084
12752
12736
13020
12799
13756
12929
12789
12775
13151
12913
12724
12606
12726
12669
12410
12639
12918
12615
12302
12791
12657
12614
12684
12782
12969
12658
12519
12808
12844
12585
12726
12633
12939
13247
12966
12905
13201
13407
13403
13420
13587
13176
13508
13559
13324
13199
13475
13529
13188
13219
13250
13311
13132
13390
13259
13390
13157
13184
13245
12925
13107
13245
13072
12482
13061
12654
12759
12796
12902
12776
13029
12956
13235
13694
13780
13540
13541
13541
13381
13336
13464
13091
13478
13492
13409
13553
13466
13609
14080
13956
13921
13685
13574
13701
13749
13637
13511
13466
13690
13746
13594
13902
13552
13263
13488
13347
13409
13609
13547
15477
13238
13080
13274
13547
13623
13515
13104
15221
13231
13393
13728
13054
13267
13135
13166
13622
13306
13433
13201
13413
13374
13487
13511
13390
13639
13732
13615
13756
13388
13383
13218
13286
13651
13216
13562
13474
13662
13996
13999
13420
13325
13453
13195
13235
12823
12417
12620
12636
12676
12903
44310
12837
13316
12839
12711
12986
13253
13467
13478
13797
13843
13463
13459
13485
13544
13639
13403
13806
13496
13100
13708
13738
13790
13914
13351
13650
13179
13614
13609
13744
13668
13129
13098
13234
13000
12890
13150
13184
13158
12944
12767
13194
12627
13096
12748
13034
12864
13129
13046
12819
12697
12734
12816
12991
13001
12726
16821
16745
12743
12732
12642
12832
12656
12903
12690
13051
13170
12988
12975
13294
13202
13478
13436
13096
13049
13139
13119
13025
13102
13327
13074
13523
15305
13697
13930
13524
13520
11840
13802
13247
13549
13862
13425
13630
13643
13419
13368
13127
12839
12923
12725
12939
12756
13236
13267
13275
13339
13337
13304
13164
13649
13346
13574
13638
13336
13686
13619
13412
13686
13437
13636
13300
13186
13097
12837
13146
13226
12886
13057
12887
12815
12794
12777
12566
12377
12151
12309
12248
12391
12137
12235
12701
12053
12175
12451
11681
12301
12094
14178
14391
14307
14734
14674
12943
12591
12674
13049
13770
13612
14356
14379
13494
13311
14031
14374
14435
14317
14406
14050
13732
14309
14909
14675
14562
14518
14016
14015
14713
14628
14762
14871
15002
14275
14085
14268
13889
13549
13717
14069
13845
13465
14117
13684
13238
13812
13284
13073
12960
12836
13262
13169
12722
12581
12604
12566
12821
12831
13054
12917
13051
13079
13059
13913
12829
12887
12783
13055
13129
13368
12857
12976
12888
12971
13152
13256
13114
13345
13465
12780
13266
13096
13081
13091
13131
13069
12930
12761
12675
12350
12494
12456
12269
12485
12261
12625
12816
12802
12659
12908
12516
12997
12976
12910
12748
12812
12715
12687
13361
12813
12965
12848
12900
12901
12643
13000
12840
12933
12690
12970
13071
13099
12860
12662
12963
13074
12944
13070
12834
12724
12793
12446
12678
12808
12416
12300
12162
12278
12349
12829
13273
13118
13001
13621
13975
13954
13888
14039
14155
13936
14314
15007
14918
14709
14495
14850
14707
14894
15147
14863
14584
14182
14377
15082
14446
14791
15509
19357
18590
18886
18621
18966
18879
18919
19277
14814
14667
14773
14893
14693
14742
14400
14740
14551
14353
14277
14678
14465
14177
14818
14368
14344
14816
14275
14171
14327
14082
13971
14096
13931
14194
13948
14559
14335
14686
14498
14424
14570
14645
14591
14505
14395
14294
14574
14331
14331
14305
14713
14680
14265
14496
14736
14223
14619
15307
14693
14222
14529
14326
14357
14440
14022
16309
14075
14280
14034
14305
14093
14197
14419
14500
14269
14349
14569
14284
14350
14359
14444
14197
14579
14910
14458
14705
14839
14519
14803
15140
14350
13878
13745
14158
14005
13631
14103
13594
13751
13664
13896
14015
13893
13791
13957
13775
13914
14181
13646
13666
13550
13801
13697
13561
14126
13529
13440
13559
13743
13739
13665
14017
14501
14358
14738
14356
14346
14518
14484
14787
14439
14483
15206
16140
16145
15903
16005
16110
16028
15922
15971
16041
15867
16161
16033
15949
16029
15946
16130
16082
15678
15718
15977
15975
15757
16107
14998
14641
15368
14476
14149
14103
14661
14525
15065
14470
14551
14464
14511
14812
14681
15064
14431
14658
14794
14641
14699
14859
14881
14675
14669
14985
14576
14748
15170
14652
15217
14744
15068
15513
15167
15453
15518
15707
15439
15557
15775
15791
15730
15996
15636
15574
15881
15789
15567
15809
15515
15659
15626
15386
16226
15701
15855
15656
15436
15246
15423
16106
15336
15564
15293
14926
14815
16164
15084
14636
15505
14412
14966
15290
14411
15528
14508
14484
15206
13923
14821
13740
13689
13753
13798
13421
13850
13849
13564
13446
13701
14291
14200
13872
14119
14389
14082
14078
14439
14675
14525
14496
15164
15100
15759
15199
14615
14873
15769
15230
15770
15183
14990
15796
15200
15774
15228
15702
15469
15029
16056
15423
15756
15966
15023
16024
15138
14919
15921
15159
15881
14905
14750
15794
15115
15063
14975
15080
14628
15086
15156
15091
14823
14919
14923
15018
15059
15101
14842
14967
14896
15210
14869
14853
15026
14900
14865
14991
14907
14864
14660
14599
14516
14290
14738
14626
14565
14645
14483
14246
14382
15453
14448
15885
14545
14670
14789
14985
14752
14564
14806
14815
14908
14566
14745
15488
15326
14941
14856
15221
14799
15236
15010
15190
15786
15084
15152
14736
14979
14800
14562
14881
17210
14310
14089
13935
14127
14292
14001
14220
13896
14288
13851
13554
13649
13469
13137
12996
12633
12941
13861
13193
12949
13133
13225
13633
13047
13408
13571
12965
13197
13322
13183
13054
13384
13248
13331
13519
13573
13492
13636
13370
13197
13185
13756
13236
13469
13444
13201
13296
13381
13773
13719
13386
13198
13071
13164
12935
13112
12848
12722
12784
13095
12698
13188
13105
12859
13034
12998
12992
12856
13022
12818
12932
13136
13016
12847
12962
12978
13105
13116
12937
13364
13064
13015
13125
12927
13301
13310
13442
13685
13590
13399
13858
13405
13393
13809
13531
13480
13197
13254
13639
13689
13352
13282
13165
13049
13225
12920
14700
13095
13074
13584
12951
12807
13124
13086
13092
12916
13163
13188
13298
13014
13392
13152
13364
13663
13506
13781
13668
14461
13947
13928
14198
13859
13505
13519
13451
13205
13303
14829
13443
13288
13510
13414
13395
13536
13670
13409
13550
13513
13839
13329
13860
13680
13917
17291
17061
17003
17301
13482
13159
13231
14002
13403
13105
13600
13281
12661
13047
12712
12901
12941
12848
13093
13035
13130
12926
14210
13309
13655
13246
13792
13216
13170
13125
13049
13322
13273
13051
13473
13084
13076
13960
13119
13111
13316
13311
13048
13116
13227
13397
13145
13089
12823
12881
12526
12840
12695
12676
12700
12413
12696
12817
12711
12869
12647
12629
12674
12725
13366
12555
12981
12809
12797
12922
12900
12905
12850
12623
13145
12871
12705
12865
12812
13584
13083
12917
12924
12862
13470
13369
13425
13587
13741
13474
13197
13221
12968
12748
12872
12971
13074
13094
13075
13430
12892
13050
13216
13223
13386
13178
13546
13666
13382
13903
13375
13639
13563
13637
13696
13455
13703
13800
13299
13547
15360
14184
13683
13851
13533
13407
15909
13827
13644
13538
13856
13817
13838
14136
13955
14410
13192
13791
13800
13504
13816
13263
14571
14674
13899
13616
13154
13156
13146
12884
13214
12937
12835
13279
13312
13496
12992
13056
12789
12858
13049
13237
13036
13372
13222
13347
13176
13205
13135
13247
13070
13401
13591
13265
13054
13056
13432
13382
14300
13397
13096
13026
13042
13274
13277
12989
12804
13379
13189
13466
13174
13488
13212
12986
13356
13287
13465
13362
13285
13516
13243
13147
13162
13447
13359
13277
13551
13795
13365
13238
13405
13207
13401
13096
13146
13037
13237
13265
12896
13206
13226
13009
13061
13195
12973
13320
13095
13065
13509
13584
13331
13303
13931
13529
13748
13525
13701
13723
13418
13726
13492
13649
13821
13668
13920
13789
13528
13686
13917
13195
13425
13180
13596
14082
14028
13788
13731
13882
14303
14304
14334
14318
14529
14279
14091
14557
14239
14296
14154
13910
14076
14052
13977
14031
13842
13884
14056
14034
14415
14660
14562
14457
14614
14073
14629
14501
14686
14694
14741
15062
14418
14412
14192
14437
14142
14303
14402
14273
14070
14430
13837
13775
14988
15888
16347
15689
16068
15756
16147
16839
15806
14204
14084
14325
14028
14120
14059
14092
13964
14381
14300
13923
13935
14206
13791
14314
14341
13928
14128
14392
14475
14375
14188
14348
14311
14446
14438
14445
14148
15006
14395
14526
14568
14662
14535
14115
14239
14731
14306
14481
14411
14203
13889
14255
14443
14047
13814
14295
14601
14335
14423
14083
14087
14388
14131
14443
13771
14027
13796
14204
13782
13579
13751
13591
13278
13208
12988
13246
13208
13273
13657
13321
13441
13319
13443
13362
13339
13210
13211
13428
13684
13310
13018
13102
13183
13074
12813
12739
12839
13122
12987
13020
12857
13194
13047
13014
13469
13099
13145
12952
12943
12955
13691
13103
13033
13397
13259
13335
13389
13430
13716
13222
13349
13304
14128
13121
13141
13011
13829
13186
13460
13299
12937
13016
12967
12974
13329
12704
12764
12954
12743
12732
12411
12596
12815
12386
12464
12440
12475
12773
12472
12605
12570
12706
12727
12780
12601
12454
12779
12691
13051
13079
12940
12884
12847
13250
12856
13055
13146
12929
13043
13924
13262
13436
12827
12907
12729
13009
13001
13503
12511
13095
12712
12494
13733
12542
13094
13165
12932
12911
13056
13145
12943
12731
12775
12817
12727
12746
12728
12862
12870
12668
12825
12980
13303
13217
13103
12864
13497
13310
13459
13225
13378
13442
13383
13551
13464
13583
13797
13785
13862
13669
14123
13580
13919
14194
14046
14101
13835
13765
13824
13904
14361
14084
14077
13897
13724
13736
13655
13611
13516
13512
13583
13449
13438
13444
13397
13413
13308
13447
13553
14472
13640
13688
14231
13490
13583
13690
13627
13363
13642
13392
13218
13403
13379
13521
13427
13679
13483
13352
13372
13483
13541
13497
13929
13534
13308
13436
13273
12977
13062
13228
13213
12871
13064
15049
13370
13247
13388
13183
13629
13303
13754
13545
13309
13759
13688
13656
13776
13843
13523
13348
13102
13315
13052
13163
13115
12871
12983
12740
12749
13122
12821
12798
12616
12772
12600
12712
12870
12687
13541
12849
12960
12760
12970
12864
12900
12802
13250
12596
13098
12968
13005
12433
12103
12557
12461
12710
12525
12719
12635
12904
12575
12698
12455
12401
12638
12531
12580
12434
12497
16162
22255
15264
12300
12556
12674
12314
12428
12726
12555
12927
12481
12610
12475
12829
12671
12567
12677
12744
12787
12732
12751
12666
12886
12784
13037
12954
12904
12371
12904
12473
12667
12677
12989
12672
12872
12770
12756
12969
12906
12734
12500
12663
12431
12497
13012
12410
12410
12805
12441
12403
12628
12634
12638
12629
12848
12876
13002
12628
13137
12562
12771
12683
12596
12358
12546
12903
12541
12819
13276
12665
12460
12563
12568
12684
13154
12523
12365
12373
12336
12415
12735
12558
12254
12485
12586
12450
12328
13156
12599
12918
12604
12692
12566
12713
12418
12234
12496
12314
12638
12214
12427
12398
12234
12387
12512
12570
12477
12489
12559
12446
12606
12730
12490
12837
12644
12837
12893
13218
14055
13616
13332
13655
12798
13259
13381
13763
13987
13262
13725
13262
13505
13792
13695
13835
13111
13080
13320
13175
12978
13198
13333
13276
12951
13028
13598
12950
13052
13039
13441
12989
12904
12873
13391
12667
13207
12868
12855
12953
13072
12908
13089
12994
13041
12946
13222
13207
13019
12895
13092
13422
13524
13254
13184
13524
13347
13423
13481
13537
13669
13581
13534
14139
13764
13392
13440
13519
13399
13189
13213
13346
13079
13339
12904
13927
13379
13248
13225
13028
13117
13029
13428
13048
13151
13189
13717
13336
13336
13438
14470
13303
13818
13646
13452
13361
13728
13588
13427
13221
13597
13319
13515
13440
13519
13246
13463
13515
13475
13407
13464
13393
13453
13340
13748
13613
13679
13807
13859
13588
13617
13447
17341
17587
13120
13352
13254
12989
13209
13305
13218
14976
16809
16825
16638
15270
13007
13298
13250
12923
13340
13224
13206
13322
13060
13252
13915
13246
13417
13395
13319
13319
13517
13546
13341
13000
13304
13514
13223
13170
14058
13265
13513
13384
13639
13289
13620
13148
13479
13558
13271
13245
13323
13217
14341
13104
13398
12997
13263
13134
13102
12775
12820
12812
12854
12882
12841
13037
12796
12783
13215
12802
13144
12785
13122
13049
13226
13276
13400
13628
13189
13946
13159
13154
13221
12977
13198
13333
13329
13297
13121
13521
13263
13465
13657
14397
13639
13456
13674
13620
13616
13709
13664
13484
13383
13537
13316
13458
13300
13320
13177
13337
13468
13438
13150
13275
13384
13467
13392
13589
13262
13379
13447
13560
13267
13472
13110
13247
12956
13110
13250
13220
13327
13127
13133
13490
13718
13722
13806
13897
13704
13457
13732
13749
13727
13368
13436
13478
13308
13659
13318
13374
13423
13232
13555
13463
13320
13235
13323
13097
13204
12858
12786
13073
12975
12794
12530
12762
13065
12437
