7 0.19045751576859965 6 13459 13433.0 16392.838083636772 1.0231220744483247 0
8 0.19045751576859965 6 13408 13309.2 15991.4158093196 1.0018645584725536 0
9 0.19045751576859965 6 13167 13107.4 15844.037168867448 1.0107997265892004 0
10 0.19045751576859965 6 12879 12720.8 15603.802842185343 1.0177342961410047 0
11 0.19045751576859965 6 12963 12819.0 15143.571966589203 0.9813160533827046 0
12 0.19045751576859965 6 12765 12626.2 15260.47489463768 1.0042303172737956 0
13 0.19045751576859965 6 12979 12893.2 15030.954685597495 0.9728176284767702 0
14 0.19045751576859965 6 12796 12721.8 15348.806842307711 1.0075961237886841 0
15 0.19045751576859965 6 13276 13355.4 15144.76242410497 0.9582554986441699 0
16 0.19045751576859965 6 13307 13375.8 15899.036306095955 1.0036371834372886 0
17 0.19045751576859965 6 13315 13425.0 15923.321639417634 1.0045662786331204 0
18 0.19045751576859965 6 13379 13459.0 15981.89214919345 1.0034382240825175 0
19 0.19045751576859965 6 13377 13493.2 16022.367704729584 1.0061299244972715 0
20 0.19045751576859965 6 13344 13357.6 16063.081351768871 1.0111810551558753 0
21 0.19045751576859965 6 13204 13183.4 15901.655312630648 1.0116328385337776 0
22 0.19045751576859965 6 13689 13763.8 15694.277613383756 0.9630652348601066 0
23 0.19045751576859965 6 13386 13387.4 16385.21915553585 1.0282235171074257 0
24 0.19045751576859965 6 13614 13661.4 15937.130946600551 0.9833553694726017 0
25 0.19045751576859965 6 13678 13744.8 16263.316305921147 0.9987863722766486 0
26 0.19045751576859965 6 13376 13410.4 16362.600462736249 1.027571770334928 0
27 0.19045751576859965 6 13726 13733.4 15964.511469463228 0.9770071397348098 0
28 0.19045751576859965 6 13659 13713.6 16349.029247056487 1.0054469580496377 0
29 0.19045751576859965 6 13452 13419.6 16325.458188244269 1.0194469223907225 0
30 0.19045751576859965 6 13726 13735.6 15975.463678608301 0.9776774005536938 0
31 0.19045751576859965 6 13477 13497.2 16351.648253591178 1.0191882466424278 0
32 0.19045751576859965 6 13676 13666.0 16067.843181831944 0.9869260017548992 0
33 0.19045751576859965 6 13340 13276.2 16268.792410493683 1.0244377811094452 0
34 0.19045751576859965 6 13226 13180.8 15804.752070847084 1.0037955542114019 0
35 0.19045751576859965 6 13137 13019.2 15691.182423842758 1.003334094542133 0
36 0.19045751576859965 6 12877 12757.0 15498.804489294555 1.0110429447852762 0
37 0.19045751576859965 6 13186 13088.0 15186.666528660027 0.9674654937054452 0
38 0.19045751576859965 6 13266 13251.2 15580.707966379432 0.9865822403135835 0
39 0.19045751576859965 6 12926 12866.0 15774.99063295287 1.0251585950796844 0
40 0.19045751576859965 6 13097 13089.0 15316.426397878804 0.9823623730625334 0
41 0.19045751576859965 6 12927 12937.0 15581.898423895202 1.0125319099559063 0
42 0.19045751576859965 6 12855 12788.8 15400.948881498374 1.0063788409179308 0
43 0.19045751576859965 6 12834 12747.6 15224.523077661466 0.9964781050335046 0
44 0.19045751576859965 6 12817 12795.2 15175.476228011801 0.9945853163766872 0
45 0.19045751576859965 6 12606 12507.8 15232.142005762387 1.0150087260034906 0
46 0.19045751576859965 6 12417 12315.0 14890.00451573049 1.007312555367641 0
47 0.19045751576859965 6 12191 12058.2 14660.484306690305 1.0101714379460258 0
48 0.19045751576859965 6 12349 12252.0 14354.77481664093 0.9764515345372096 0
49 0.19045751576859965 6 12288 12182.2 14585.485483196884 0.9970703125 0
50 0.19045751576859965 6 12431 12396.0 14502.391548596237 0.9799855200707909 0
51 0.19045751576859965 6 12177 12129.0 14756.911365467562 1.0179847253017984 0
52 0.19045751576859965 6 12275 12291.8 14439.059208757346 0.9881059063136456 0
53 0.19045751576859965 6 12741 12819.4 14632.865692324473 0.9647437406796954 0
54 0.19045751576859965 6 12093 12054.0 15260.951077643987 1.0600678078227073 0
55 0.19045751576859965 6 12215 12171.8 14349.7748950747 0.9868194842406877 0
56 0.19045751576859965 6 12491 12553.8 14490.010790432241 0.9744456008325995 0
57 0.19045751576859965 6 11721 11610.2 14944.765561455846 1.0710519580240594 0
58 0.19045751576859965 6 12341 12261.0 13821.449849576597 0.940782756664776 0
59 0.19045751576859965 6 12134 12142.2 14596.199600838801 1.0104664578869293 0
60 0.19045751576859965 6 14218 14618.6 14454.773247965491 0.8540019693346462 0
61 0.19045751576859965 6 14431 14819.0 17402.82224001485 1.0129997921141987 0
62 0.19045751576859965 6 14347 14872.2 17641.389926174877 1.0328988638739807 0
63 0.19045751576859965 6 14774 15260.6 17704.72226601377 1.0066468119669691 0
64 0.19045751576859965 6 14714 15230.0 18167.095965138295 1.037148294141634 0
65 0.19045751576859965 6 12983 12736.0 18130.667965155775 1.1730724793961333 0
66 0.19045751576859965 6 12631 12271.0 15161.666920828886 1.008312881007046 0
67 0.19045751576859965 6 12714 12387.4 14608.104175996486 0.9651565203712443 0
68 0.19045751576859965 6 13089 12752.0 14746.673430831952 0.9463977385590954 0
69 0.19045751576859965 6 13810 13629.2 15180.714241081183 0.9233888486603911 0
70 0.19045751576859965 6 13652 13785.8 16224.9835739134 0.9983299150307647 0
71 0.19045751576859965 6 14396 14749.0 16411.40922088276 0.9576132258960822 0
72 0.19045751576859965 6 14419 14760.0 17558.05790007108 1.0228864692419724 0
73 0.19045751576859965 6 13534 13623.0 17571.15293274453 1.0905866706073593 0
74 0.19045751576859965 6 13351 13259.2 16217.602737315634 1.0203730057673583 0
75 0.19045751576859965 6 14071 14154.8 15784.514293079019 0.9423068722905267 0
76 0.19045751576859965 6 14414 14417.6 16850.688044201375 0.9820174830026362 0
77 0.19045751576859965 6 14475 14486.2 17163.540279345365 0.9960345423143351 0
78 0.19045751576859965 6 14357 14521.6 17245.20566492709 1.0089990945183536 0
79 0.19045751576859965 6 14446 14665.0 17287.347860985297 1.0052332825695696 0
80 0.19045751576859965 6 14090 14093.8 17458.059468746516 1.0408090844570617 0
81 0.19045751576859965 6 13772 13643.6 16778.07013573949 1.0233662503630554 0
82 0.19045751576859965 6 14349 14323.8 16242.126162140466 0.9508397797755942 0
83 0.19045751576859965 6 14949 15067.4 17051.875364366268 0.9581778045354203 0
84 0.19045751576859965 6 14715 14768.8 17937.0995730918 1.0239483520217465 0
85 0.19045751576859965 6 14602 14704.4 17581.628958883295 1.0114230927270236 0
86 0.19045751576859965 6 14558 14715.2 17504.963494867796 1.010056326418464 0
87 0.19045751576859965 6 14056 13997.4 17517.8204360381 1.0468981217985203 0
88 0.19045751576859965 6 14055 13876.2 16663.310031219396 0.9959018143009605 0
89 0.19045751576859965 6 14753 14760.6 16519.026580308244 0.9405680200637159 0
90 0.19045751576859965 6 14668 14681.2 17571.867207253992 1.0063130624488683 0
91 0.19045751576859965 6 14802 14850.8 17477.344880501965 0.9918389406836915 0
92 0.19045751576859965 6 14911 15082.0 17679.24647517632 0.9959627120917443 0
93 0.19045751576859965 6 15042 15239.4 17954.48025282202 1.0026592208482914 0
94 0.19045751576859965 6 14315 14227.4 18141.858265804 1.064575619979043 0
95 0.19045751576859965 6 14125 14016.4 16937.115259846174 1.0072495575221239 0
96 0.19045751576859965 6 14308 14209.2 16685.928724019 0.9796197931227285 0
97 0.19045751576859965 6 13929 13732.6 16915.44893305919 1.0201163041137196 0
98 0.19045751576859965 6 13589 13298.4 16348.076881043873 1.0105673706674516 0
99 0.19045751576859965 6 13757 13645.4 15831.180227697147 0.9666642436577741 0
100 0.19045751576859965 6 14109 14105.8 16244.26898566885 0.9671415408604437 0
101 0.19045751576859965 6 13885 13800.4 16792.355625928714 1.0159020525747209 0
102 0.19045751576859965 6 13505 13420.2 16428.789900612985 1.0218733802295445 0
103 0.19045751576859965 6 14157 14270.6 15976.177953117764 0.9479550752278025 0
104 0.19045751576859965 6 13724 13717.4 16988.54302452738 1.0398280384727485 0
105 0.19045751576859965 6 13278 13111.8 16329.981926804188 1.0330923331827082 0
106 0.19045751576859965 6 13852 13845.4 15609.040855254725 0.9465636731157955 0
107 0.19045751576859965 6 13324 13287.8 16482.36048882257 1.0391323926748723 0
108 0.19045751576859965 6 13113 12904.2 15818.56137803 1.0133302829253412 0
109 0.19045751576859965 6 13000 12855.2 15361.901874981166 0.9926307692307693 0
110 0.19045751576859965 6 12876 12795.6 15303.569456708503 0.9983845914880398 0
111 0.19045751576859965 6 13302 13192.0 15232.618188768694 0.9619305367613893 0
112 0.19045751576859965 6 13209 13186.0 15704.515548019368 0.9987129987129987 0
113 0.19045751576859965 6 12762 12691.8 15697.372802924756 1.0332236326594577 0
114 0.19045751576859965 6 12621 12545.2 15109.048698631912 1.0056096981221774 0
115 0.19045751576859965 6 12644 12597.6 14934.527626820238 0.9921860170832015 0
116 0.19045751576859965 6 12606 12466.8 14996.907600646513 0.9993336506425512 0
117 0.19045751576859965 6 12861 12791.4 14841.195757583979 0.9693491952414275 0
118 0.19045751576859965 6 12871 12892.8 15227.618267202466 0.9938155543469815 0
119 0.19045751576859965 6 13094 13188.6 15348.330659301402 0.9846341835955399 0
120 0.19045751576859965 6 12957 13019.6 15700.467992465754 1.0178745079879603 0
121 0.19045751576859965 6 13091 13188.0 15499.280672300862 0.9945458712092278 0
122 0.19045751576859965 6 13119 13170.6 15699.753717956293 1.005259547221587 0
123 0.19045751576859965 6 13099 13144.6 15679.03975718192 1.005466066111917 0
124 0.19045751576859965 6 13953 14124.8 15648.087861771935 0.9420626388590267 0
125 0.19045751576859965 6 12869 12851.4 16814.974318728317 1.0975833398088428 0
126 0.19045751576859965 6 12927 12894.2 15299.045718148582 0.9941517753539104 0
127 0.19045751576859965 6 12823 12763.8 15349.997299823479 1.0055525228105748 0
128 0.19045751576859965 6 13095 13094.2 15194.761639767252 0.9747079037800687 0
129 0.19045751576859965 6 13169 13012.2 15588.0888029772 0.9943199939251273 0
130 0.19045751576859965 6 13408 13515.8 15490.471286684175 0.9704803102625299 0
131 0.19045751576859965 6 12897 12891.0 16089.98569162524 1.0479801504225787 0
132 0.19045751576859965 6 13016 13054.6 15346.187835773018 0.9903964351567301 0
133 0.19045751576859965 6 12928 12894.6 15540.946685352763 1.009792698019802 0
134 0.19045751576859965 6 13011 12979.4 15350.473482829786 0.9910537237721928 0
135 0.19045751576859965 6 13192 13148.8 15451.424280166962 0.9838841722255912 0
136 0.19045751576859965 6 13296 13375.8 15653.087783338164 0.9889290012033694 0
137 0.19045751576859965 6 13154 13181.6 15923.321639417634 1.0168617910901627 0
138 0.19045751576859965 6 13385 13476.4 15692.134789855374 0.9848038849458349 0
139 0.19045751576859965 6 13505 13603.8 16043.081665503956 0.9978822658274713 0
140 0.19045751576859965 6 12820 12745.6 16194.745953012876 1.061138845553822 0
141 0.19045751576859965 6 13306 13308.0 15173.095312980266 0.9578836615060875 0
142 0.19045751576859965 6 13136 13132.4 15842.608619848525 1.0130937880633375 0
143 0.19045751576859965 6 13121 13068.2 15633.564280079558 1.0008688362167517 0
144 0.19045751576859965 6 13131 13056.2 15557.136907567216 0.9952174244155053 0
145 0.19045751576859965 6 13171 13241.2 15542.851417377993 0.9912838812542708 0
146 0.19045751576859965 6 13109 13069.6 15763.086057795183 1.0100846746510033 0
147 0.19045751576859965 6 12970 12936.8 15558.80354808929 1.0076792598303779 0
148 0.19045751576859965 6 12801 12737.0 15400.71078999522 1.0106085462073275 0
149 0.19045751576859965 6 12715 12631.8 15162.857378344654 1.0017302398741643 0
150 0.19045751576859965 6 12390 12233.8 15037.621247685796 1.0195157384987892 0
151 0.19045751576859965 6 12534 12419.0 14563.819156409894 0.9760491463220041 0
152 0.19045751576859965 6 12496 12401.2 14784.291888330239 0.9938380281690141 0
153 0.19045751576859965 6 12309 12210.6 14763.10174454956 1.0074904541392478 0
154 0.19045751576859965 6 12525 12487.0 14536.200542044064 0.9748982035928144 0
155 0.19045751576859965 6 12301 12283.2 14865.242999402504 1.015120721892529 0
156 0.19045751576859965 6 12665 12691.2 14622.627757688864 0.9698539281484406 0
157 0.19045751576859965 6 12856 12928.0 15108.334424122453 0.9871810827629123 0
158 0.19045751576859965 6 12842 12948.6 15390.234763856457 1.0066967762030836 0
159 0.19045751576859965 6 12699 12733.8 15414.758188681291 1.0196550909520434 0
160 0.19045751576859965 6 12948 13077.4 15159.047914294195 0.9834569045412418 0
161 0.19045751576859965 6 12556 12534.2 15568.089116712285 1.0415259636827014 0
162 0.19045751576859965 6 13037 13073.2 14921.432594146783 0.9614328449796733 0
163 0.19045751576859965 6 13016 13050.8 15563.089195146058 1.0043945912722803 0
164 0.19045751576859965 6 12950 13000.2 15536.42294679284 1.0077837837837837 0
165 0.19045751576859965 6 12788 12756.0 15476.18579649495 1.016593681576478 0
166 0.19045751576859965 6 12852 12911.2 15185.476071144258 0.992530345471522 0
167 0.19045751576859965 6 12755 12698.6 15370.235077591546 1.0122461779694238 0
168 0.19045751576859965 6 12727 12669.2 15117.14380973914 0.9977685236112203 0
169 0.19045751576859965 6 13401 13491.2 15082.144358775544 0.9453921349153048 0
170 0.19045751576859965 6 12853 12866.0 16060.700436737334 1.0496537773282504 0
171 0.19045751576859965 6 13005 13035.6 15316.426397878804 0.9893118031526336 0
172 0.19045751576859965 6 12888 12914.6 15518.327992553159 1.0114525139664805 0
173 0.19045751576859965 6 12940 12982.6 15374.282633145158 0.9980370942812983 0
174 0.19045751576859965 6 12941 12849.0 15455.233744217423 1.003214589289854 0
175 0.19045751576859965 6 12683 12649.0 15296.188620110737 1.0130883860285422 0
176 0.19045751576859965 6 13040 13047.0 15058.097116957018 0.9700153374233129 0
177 0.19045751576859965 6 12880 12878.4 15531.89920823292 1.0129658385093168 0
178 0.19045751576859965 6 12973 12979.6 15331.188071074333 0.9927079318584753 0
179 0.19045751576859965 6 12730 12687.8 15451.662371670118 1.019607227022781 0
180 0.19045751576859965 6 13010 13075.4 15104.286868568839 0.9752344350499615 0
181 0.19045751576859965 6 13111 13125.2 15565.708201680749 0.9972847227518877 0
182 0.19045751576859965 6 13139 13190.8 15624.992985966026 0.9989496917573636 0
183 0.19045751576859965 6 12900 12885.4 15703.086999000445 1.0225426356589147 0
184 0.19045751576859965 6 12702 12696.4 15339.521273684713 1.0144386710754212 0
185 0.19045751576859965 6 13003 13001.6 15114.52480320445 0.9764208259632392 0
186 0.19045751576859965 6 13114 13114.6 15477.852437017027 0.9914290071679122 0
187 0.19045751576859965 6 12984 12953.0 15612.374136298879 1.0100585335797905 0
188 0.19045751576859965 6 13110 13152.0 15419.996201750671 0.9880244088482075 0
189 0.19045751576859965 6 12874 12908.4 15656.897247388624 1.021593910206618 0
190 0.19045751576859965 6 12764 12716.2 15366.901796547392 1.0113130680037605 0
191 0.19045751576859965 6 12833 12776.8 15138.09586201667 0.9908984648951922 0
192 0.19045751576859965 6 12486 12386.4 15210.237587472244 1.0232900848950823 0
193 0.19045751576859965 6 12718 12639.6 14745.482973316182 0.9739267180374273 0
194 0.19045751576859965 6 12848 12842.8 15046.906816308794 0.9837795765877958 0
195 0.19045751576859965 6 12456 12394.4 15288.807783512972 1.031053307642903 0
196 0.19045751576859965 6 12340 12241.4 14755.006633442332 1.0044084278768233 0
197 0.19045751576859965 6 12202 12145.2 14572.866633529737 1.0032289788559252 0
198 0.19045751576859965 6 12318 12238.0 14458.344620512798 0.9859717486604969 0
199 0.19045751576859965 6 12389 12297.2 14568.819077976123 0.9878117685043184 0
200 0.19045751576859965 6 12869 12951.6 14639.294162909626 0.9555676431735178 0
201 0.19045751576859965 6 13313 13507.6 15418.329561228597 0.9728536017426576 0
202 0.19045751576859965 6 13158 13349.2 16080.223939995938 1.0265693874449004 0
203 0.19045751576859965 6 13041 13185.6 15891.655469498191 1.0236331569664903 0
204 0.19045751576859965 6 13661 13915.4 15696.896619918449 0.9652002049630335 0
205 0.19045751576859965 6 14015 14244.2 16565.692514926373 0.9928933285765251 0
206 0.19045751576859965 6 13994 14130.2 16957.114946111087 1.0178790910390167 0
207 0.19045751576859965 6 13928 14082.0 16821.40278931347 1.0145175186674327 0
208 0.19045751576859965 6 14079 14286.6 16764.02273705342 1.0002130833155765 0
209 0.19045751576859965 6 14195 14301.8 17007.590344779677 1.0064529764001409 0
210 0.19045751576859965 6 13976 13968.2 17025.68529901936 1.0233113909559244 0
211 0.19045751576859965 6 14354 14426.0 16628.548671758956 0.9731224745715481 0
212 0.19045751576859965 6 15047 15270.8 17173.540122477818 0.9587293148135841 0
213 0.19045751576859965 6 14958 15133.8 18179.238631799133 1.0209118866158577 0
214 0.19045751576859965 6 14749 14859.8 18016.145952138835 1.0260899044002982 0
215 0.19045751576859965 6 14535 14646.8 17689.960592818235 1.02234606123151 0
216 0.19045751576859965 6 14890 14997.2 17436.393141959525 0.9836668905305573 0
217 0.19045751576859965 6 14747 14687.0 17853.529455484844 1.0169661626093442 0
218 0.19045751576859965 6 14934 14929.2 17484.249534093426 0.9834605597964376 0
219 0.19045751576859965 6 15187 15274.6 17772.57834441258 0.9830249555540924 0
220 0.19045751576859965 6 14903 14976.6 18183.762370359054 1.0249345769308194 0
221 0.19045751576859965 6 14624 14570.8 17829.00603066001 1.0241110503282276 0
222 0.19045751576859965 6 14222 14117.0 17345.918370761112 1.0245253832091126 0
223 0.19045751576859965 6 14417 14313.6 16805.68875010532 0.9791912325726573 0
224 0.19045751576859965 6 15122 15109.0 17039.73269770543 0.9465414627694749 0
225 0.19045751576859965 6 14486 14402.6 17986.622605747772 1.0430070412812371 0
226 0.19045751576859965 6 14831 14872.4 17145.683416608834 0.9711145573460994 0
227 0.19045751576859965 6 15549 15814.4 17704.96035751692 0.9564859476493665 0
228 0.19045751576859965 6 19397 20393.0 18826.371337370943 0.8153013352580296 0
229 0.19045751576859965 6 18630 19331.6 24277.000119069053 1.0946323134728932 0
230 0.19045751576859965 6 18926 19814.0 23013.44851183226 1.0214308358871393 0
231 0.19045751576859965 6 18661 19427.0 23587.725217439034 1.061786613793473 0
232 0.19045751576859965 6 19006 19697.4 23127.018158836585 1.0221508997158792 0
233 0.19045751576859965 6 18919 18823.4 23448.917871100417 1.0411438236693271 0
234 0.19045751576859965 6 18959 19024.8 22408.45800231866 0.9928477240360779 0
235 0.19045751576859965 6 19317 19395.2 22648.216145994455 0.9848734275508619 0
236 0.19045751576859965 6 14854 14092.6 23089.161609835144 1.305722364346304 0
237 0.19045751576859965 6 14707 13847.2 16776.64158672057 0.9582239749779017 0
238 0.19045751576859965 6 14813 13991.8 16484.503312350953 0.9348005130628503 0
239 0.19045751576859965 6 14933 14127.8 16656.643469131093 0.9369718074064153 0
240 0.19045751576859965 6 14733 13816.2 16818.545691275624 0.9589221475598995 0
241 0.19045751576859965 6 14782 14767.6 16447.599129362126 0.9346637802733054 0
242 0.19045751576859965 6 14440 14386.6 17580.200409864374 1.0226869806094183 0
243 0.19045751576859965 6 14780 14773.4 17126.63609635654 0.973382949932341 0
244 0.19045751576859965 6 14591 14522.6 17587.10506345583 1.0125008566924816 0
245 0.19045751576859965 6 14393 14325.0 17288.538318501065 1.0090043771277706 0
246 0.19045751576859965 6 14317 14224.0 17053.303913385193 1.0005587762799468 0
247 0.19045751576859965 6 14718 14773.6 16933.067704292564 0.9664356570186167 0
248 0.19045751576859965 6 14505 14450.0 17587.343154958984 1.0185177524991382 0
249 0.19045751576859965 6 14217 14142.2 17202.111102856266 1.0163888302736162 0
250 0.19045751576859965 6 14858 14951.0 16835.68827950269 0.9518239332346211 0
251 0.19045751576859965 6 14408 14426.2 17798.530318256333 1.0376873958911716 0
252 0.19045751576859965 6 14384 14317.2 17173.778213980975 1.0029338153503893 0
253 0.19045751576859965 6 14856 14926.2 17044.018344762197 0.9637318255250404 0
254 0.19045751576859965 6 14315 14334.6 17769.006971865274 1.0426964722319245 0
255 0.19045751576859965 6 14211 14081.6 17064.73230553657 1.0086974878615158 0
256 0.19045751576859965 6 14367 14358.8 16763.546554047112 0.9801350316697989 0
257 0.19045751576859965 6 14122 14069.6 17093.54137741817 1.0167681631496954 0
258 0.19045751576859965 6 14011 13842.0 16749.26106385789 1.0041824280922134 0
259 0.19045751576859965 6 14136 14100.2 16478.312933268957 0.9792020373514432 0
260 0.19045751576859965 6 13971 13923.0 16785.68906384041 1.009247727435402 0
261 0.19045751576859965 6 14234 14207.4 16574.739992046212 0.9781509062807363 0
262 0.19045751576859965 6 13988 13961.2 16913.306109530804 1.0156848727480698 0
263 0.19045751576859965 6 14599 14716.6 16620.215469148574 0.9563120761696007 0
264 0.19045751576859965 6 14375 14422.8 17519.487076560174 1.0237634782608696 0
265 0.19045751576859965 6 14726 14877.0 17169.730658427357 0.9794105663452397 0
266 0.19045751576859965 6 14538 14598.8 17710.43646208946 1.023318200577796 0
267 0.19045751576859965 6 14464 14559.2 17379.25118120263 1.0093196902654866 0
268 0.19045751576859965 6 14610 14612.2 17332.1090635782 0.9965229295003423 0
269 0.19045751576859965 6 14685 14747.0 17395.203311913934 0.995042560435819 0
270 0.19045751576859965 6 14631 14612.0 17555.67698503954 1.007928371266489 0
271 0.19045751576859965 6 14545 14546.4 17394.96522041078 1.0046063939498109 0
272 0.19045751576859965 6 14435 14429.2 17316.87120737636 1.0077173536543125 0
273 0.19045751576859965 6 14334 14278.8 17177.34958652828 1.0066415515557416 0
274 0.19045751576859965 6 14614 14599.8 16998.30477615668 0.9770630901874914 0
275 0.19045751576859965 6 14371 14319.0 17380.441638718403 1.0159209519170551 0
276 0.19045751576859965 6 14371 14336.2 17046.16116829058 0.996381601837033 0
277 0.19045751576859965 6 14345 14327.0 17066.6370375618 0.9993865458347857 0
278 0.19045751576859965 6 14753 14836.8 17055.684828416728 0.9711245170473802 0
279 0.19045751576859965 6 14720 14741.2 17662.58006995556 1.0079347826086955 0
280 0.19045751576859965 6 14305 14291.8 17548.772331448083 1.0304928346731912 0
281 0.19045751576859965 6 14536 14569.0 17013.780723861673 0.9832003302146395 0
282 0.19045751576859965 6 14776 14862.2 17343.77554723273 0.9859907958852193 0
283 0.19045751576859965 6 14263 14165.0 17692.81769085608 1.0420107971674963 0
284 0.19045751576859965 6 14659 14646.8 16862.830710862214 0.9663005662050618 0
285 0.19045751576859965 6 15347 15555.4 17436.393141959525 0.9543754479702873 0
286 0.19045751576859965 6 14733 14772.4 18518.042840786875 1.0558202674268649 0
287 0.19045751576859965 6 14262 14159.2 17585.914605940063 1.0357874070957789 0
288 0.19045751576859965 6 14569 14630.2 16855.926057270757 0.971871782551994 0
289 0.19045751576859965 6 14366 14307.4 17416.63154719777 1.0183906445774746 0
290 0.19045751576859965 6 14397 14207.0 17032.35186110766 0.9937764812113634 0
291 0.19045751576859965 6 14480 14429.4 16912.829926524497 0.981146408839779 0
292 0.19045751576859965 6 14062 14022.0 17177.587678031432 1.0261271511875978 0
293 0.19045751576859965 6 16349 16705.0 16692.595286107306 0.8576671356046242 0
294 0.19045751576859965 6 14115 14064.8 19886.59280091446 1.18349273822175 0
295 0.19045751576859965 6 14320 14304.6 16743.5468677822 0.9821787709497206 0
296 0.19045751576859965 6 14074 13992.8 17029.01858006351 1.0163848230780161 0
297 0.19045751576859965 6 14345 14401.6 16657.83392664686 0.975447891251307 0
298 0.19045751576859965 6 14133 13689.8 17144.492959093066 1.0190051652161607 0
299 0.19045751576859965 6 14237 14261.4 16297.125299368976 0.9615649364332373 0
300 0.19045751576859965 6 14459 14486.8 16977.590815382307 0.9863337713534822 0
301 0.19045751576859965 6 14540 14633.2 17245.91993943655 0.996341127922971 0
302 0.19045751576859965 6 14309 14301.8 17420.202919745076 1.0226570689775667 0
303 0.19045751576859965 6 14389 14440.2 17025.68529901936 0.9939398151365626 0
304 0.19045751576859965 6 14609 14683.4 17190.444619201735 0.9884454788144295 0
305 0.19045751576859965 6 14324 14297.0 17479.963887036658 1.0250907567718515 0
306 0.19045751576859965 6 14390 14360.0 17019.97110294367 0.9935371785962474 0
307 0.19045751576859965 6 14399 14417.0 17094.96992643709 0.9972914785749011 0
308 0.19045751576859965 6 14484 14503.0 17162.8260048359 0.9953742060204364 0
309 0.19045751576859965 6 14237 14162.6 17265.205351192002 1.0186837114560652 0
310 0.19045751576859965 6 14619 14678.0 16859.97361282437 0.9687803543334018 0
311 0.19045751576859965 6 14950 15062.0 17473.535416451505 0.9818060200668897 0
312 0.19045751576859965 6 14498 14517.8 17930.671102506647 1.038901917505863 0
313 0.19045751576859965 6 14745 14797.2 17282.824122425376 0.9845913869108172 0
314 0.19045751576859965 6 14879 15007.4 17615.437952331125 0.994502318704214 0
315 0.19045751576859965 6 14559 14547.0 17865.672122145683 1.0307988186001786 0
316 0.19045751576859965 6 14843 14821.6 17317.58548188582 0.9800579397695883 0
317 0.19045751576859965 6 15180 15316.4 17644.485115715877 0.9763899868247694 0
318 0.19045751576859965 6 14390 14319.0 18233.52349451818 1.0643780403057679 0
319 0.19045751576859965 6 13918 13725.8 17046.16116829058 1.0288116108636298 0
320 0.19045751576859965 6 13785 13630.2 16339.981769936645 0.9957054769677185 0
321 0.19045751576859965 6 14198 14069.0 16226.17403142917 0.9600084518946331 0
322 0.19045751576859965 6 14045 13818.0 16748.54678934843 1.0017087931648274 0
323 0.19045751576859965 6 13671 13527.2 16449.741952890512 1.010752688172043 0
324 0.19045751576859965 6 14143 14188.0 16103.556907305003 0.9564590256664075 0
325 0.19045751576859965 6 13634 13603.8 16890.21123372489 1.0406337098430394 0
326 0.19045751576859965 6 13791 13709.6 16194.745953012876 0.986425929954318 0
327 0.19045751576859965 6 13704 13635.8 16320.696358181194 1.0004086398131933 0
328 0.19045751576859965 6 13936 13989.0 16232.84059351747 0.9784586681974741 0
329 0.19045751576859965 6 14055 14037.4 16653.31018808694 0.9953041622198506 0
330 0.19045751576859965 6 13933 13992.8 16710.92833185014 1.0074930022249335 0
331 0.19045751576859965 6 13831 13839.0 16657.83392664686 1.0116983587593087 0
332 0.19045751576859965 6 13997 14055.6 16474.74156072165 0.9887118668286061 0
333 0.19045751576859965 6 13815 13790.8 16732.594658637132 1.0174158523344192 0
334 0.19045751576859965 6 13954 13933.8 16417.361508461603 0.9883044288376093 0
335 0.19045751576859965 6 14221 14278.6 16587.596933216515 0.9798045144504606 0
336 0.19045751576859965 6 13686 13657.0 16998.066684653528 1.0432997223440013 0
337 0.19045751576859965 6 13706 13647.8 16258.078292851766 0.9964249233912156 0
338 0.19045751576859965 6 13590 13545.0 16247.126083706695 1.0042531272994848 0
339 0.19045751576859965 6 13841 13818.4 16124.747051085684 0.9786142619752908 0
340 0.19045751576859965 6 13737 13640.2 16450.21813589682 1.005925602387712 0
341 0.19045751576859965 6 13601 13584.0 16238.078606586854 1.0028821410190427 0
342 0.19045751576859965 6 14166 14258.0 16171.174894200658 0.9589157136806438 0
343 0.19045751576859965 6 13569 13564.8 16973.543259828693 1.0507775075539834 0
344 0.19045751576859965 6 13480 13407.8 16148.3181098979 1.0062908011869436 0
345 0.19045751576859965 6 13599 13571.4 15961.41627992223 0.9859401426575483 0
346 0.19045751576859965 6 13783 13819.4 16156.175129501973 0.9846477544801567 0
347 0.19045751576859965 6 13779 13701.6 16451.408593412587 1.002931997967922 0
348 0.19045751576859965 6 13705 13732.2 16311.172698055047 0.9997519153593579 0
349 0.19045751576859965 6 14057 14172.4 16347.600698037566 0.9768940741267697 0
350 0.19045751576859965 6 14541 14729.4 16871.640096478903 0.9746509868647273 0
351 0.19045751576859965 6 14398 14521.0 17534.724932762012 1.023017085706348 0
352 0.19045751576859965 6 14778 14977.8 17286.633586475837 0.9826092840709162 0
353 0.19045751576859965 6 14396 14534.2 17830.43457967893 1.0404140038899694 0
354 0.19045751576859965 6 14386 14451.8 17302.347625683982 1.0103016821910191 0
355 0.19045751576859965 6 14558 14561.4 17204.25392638465 0.99270504190136 0
356 0.19045751576859965 6 14524 14549.2 17334.728070112888 1.0025750481960891 0
357 0.19045751576859965 6 14827 14836.8 17320.204488420513 0.9812639104336683 0
358 0.19045751576859965 6 14479 14495.6 17662.58006995556 1.024711651357138 0
359 0.19045751576859965 6 14523 14550.4 17256.395965575313 0.9981133374647112 0
360 0.19045751576859965 6 15246 15383.6 17321.63303743943 0.9543749180112816 0
361 0.19045751576859965 6 16180 16511.2 18313.52223957783 0.950778739184178 0
362 0.19045751576859965 6 16185 16456.6 19655.882134358504 1.0201544640098856 0
363 0.19045751576859965 6 15943 16235.8 19590.883153997536 1.032214765100671 0
364 0.19045751576859965 6 16045 16349.4 19328.03013451583 1.0118915550015581 0
365 0.19045751576859965 6 16150 16330.8 19463.266108307143 1.012346749226006 0
366 0.19045751576859965 6 16068 16045.6 19441.12359851385 1.0163554891710231 0
367 0.19045751576859965 6 15962 15917.4 19101.605115016642 1.005237438917429 0
368 0.19045751576859965 6 16011 16024.6 18948.988461495108 0.9941540191118605 0
369 0.19045751576859965 6 16081 16088.2 19076.605507185504 0.9964927554256576 0
370 0.19045751576859965 6 15907 15858.4 19152.318605188386 1.0113912114163577 0
371 0.19045751576859965 6 16201 16227.6 18878.751468064762 0.9788531572125178 0
372 0.19045751576859965 6 16073 16095.2 19318.26838288653 1.009618615068749 0
373 0.19045751576859965 6 15989 15984.6 19160.651807798768 1.0066420664206643 0
374 0.19045751576859965 6 16069 16066.6 19028.98720655476 0.9947476507561143 0
375 0.19045751576859965 6 15986 16001.8 19126.604722847784 1.0050419116727136 0
376 0.19045751576859965 6 16170 16163.8 19049.463075825977 0.9895980210265924 0
377 0.19045751576859965 6 16122 16131.8 19242.31719338049 1.0025927304304676 0
378 0.19045751576859965 6 15718 15663.8 19204.222552875897 1.0263265046443568 0
379 0.19045751576859965 6 15758 15695.8 18647.088435496193 0.9940220840208148 0
380 0.19045751576859965 6 16017 16023.2 18685.183076000787 0.9799463070487606 0
381 0.19045751576859965 6 16015 15984.0 19074.938866663426 1.0005120199812676 0
382 0.19045751576859965 6 15797 15732.0 19028.272932045296 1.011837690700766 0
383 0.19045751576859965 6 16147 16232.8 18728.27763807161 0.9742986313247043 0
384 0.19045751576859965 6 15038 14894.0 19324.458761968526 1.0794520547945206 0
385 0.19045751576859965 6 14681 14413.8 17730.674239857522 1.014508548464001 0
386 0.19045751576859965 6 15408 15286.6 17159.01654078544 0.9354750778816199 0
387 0.19045751576859965 6 14516 14259.8 18198.047860548275 1.0530862496555524 0
388 0.19045751576859965 6 14189 13797.4 16975.686083357075 1.0049897808161252 0
389 0.19045751576859965 6 14143 13964.0 16425.218528065678 0.9755638831930991 0
390 0.19045751576859965 6 14701 14705.0 16623.548750192727 0.9498673559621794 0
391 0.19045751576859965 6 14565 14396.4 17505.67776937726 1.0096120837624443 0
392 0.19045751576859965 6 15105 15222.8 17138.30258001107 0.9530883813306852 0
393 0.19045751576859965 6 14510 14574.2 18122.09667104224 1.0491247415575464 0
394 0.19045751576859965 6 14591 14680.6 17349.965926314726 0.9988486053046399 0
395 0.19045751576859965 6 14504 14464.6 17476.630605992505 1.0121759514616657 0
396 0.19045751576859965 6 14551 14548.2 17219.491782586487 0.9940622637619407 0
397 0.19045751576859965 6 14852 14801.4 17319.014030904742 0.9795448424454619 0
398 0.19045751576859965 6 14721 14763.2 17620.43787389735 1.005461585490116 0
399 0.19045751576859965 6 15104 15206.6 17574.962396794992 0.9774364406779662 0
400 0.19045751576859965 6 14471 14464.4 18102.811259286787 1.0508326998825237 0
401 0.19045751576859965 6 14698 14727.4 17219.253691083333 0.984106681181113 0
402 0.19045751576859965 6 14834 14830.4 17532.344017730476 0.9928138061210732 0
403 0.19045751576859965 6 14681 14673.0 17654.96114185464 1.010176418500102 0
404 0.19045751576859965 6 14739 14666.0 17467.583128872662 0.9955220842662325 0
405 0.19045751576859965 6 14899 14984.6 17459.249926262284 0.9843613665346668 0
406 0.19045751576859965 6 14921 14965.6 17838.52969078616 1.004262448897527 0
407 0.19045751576859965 6 14715 14691.2 17815.910997986557 1.0170302412504248 0
408 0.19045751576859965 6 14709 14714.6 17489.249455659654 0.9987898565504114 0
409 0.19045751576859965 6 15025 15082.2 17517.106161528638 0.9793410981697172 0
410 0.19045751576859965 6 14616 14559.4 17954.718344325174 1.031896551724138 0
411 0.19045751576859965 6 14788 14761.4 17332.34715508135 0.9845415201514741 0
412 0.19045751576859965 6 15210 15309.0 17572.819573266606 0.9705062458908612 0
413 0.19045751576859965 6 14692 14688.6 18224.71410890149 1.0419956438878302 0
414 0.19045751576859965 6 15257 15303.4 17486.154266118654 0.9627449695221866 0
415 0.19045751576859965 6 14784 14817.6 18218.047546813188 1.0351325757575758 0
416 0.19045751576859965 6 15108 15172.0 17639.723285652803 0.9807783955520254 0
417 0.19045751576859965 6 15553 15621.6 18061.621429241193 0.9755031183694464 0
418 0.19045751576859965 6 15207 15310.0 18596.851128330756 1.0272637601104755 0
419 0.19045751576859965 6 15493 15540.2 18225.904566417263 0.9881882140321435 0
420 0.19045751576859965 6 15558 15712.8 18499.947886547194 0.9988558940737885 0
421 0.19045751576859965 6 15747 15874.8 18705.420853768854 0.9978281577443322 0
422 0.19045751576859965 6 15479 15464.2 18898.274971323364 1.0255701272692035 0
423 0.19045751576859965 6 15597 15675.0 18409.47311534878 0.9914855420914279 0
424 0.19045751576859965 6 15815 15879.4 18660.4215596728 0.9911476446411634 0
425 0.19045751576859965 6 15831 15885.6 18903.751075895903 1.0030572926536543 0
426 0.19045751576859965 6 15770 15774.6 18911.131912493667 1.0073303741280912 0
427 0.19045751576859965 6 16036 16147.4 18778.991128243353 0.9836991768520829 0
428 0.19045751576859965 6 15676 15691.8 19222.793690121885 1.0300714467976524 0
429 0.19045751576859965 6 15614 15573.8 18680.421245937712 1.0049827078263096 0
430 0.19045751576859965 6 15921 15939.0 18539.947259077016 0.9781923246027259 0
431 0.19045751576859965 6 15829 15840.8 18974.70234383571 1.0069492703266156 0
432 0.19045751576859965 6 15607 15521.2 18857.799415787234 1.014980457487025 0
433 0.19045751576859965 6 15849 15883.6 18477.32919374759 0.9793173070856206 0
434 0.19045751576859965 6 15555 15543.2 18908.75099746213 1.0211250401800065 0
435 0.19045751576859965 6 15699 15654.6 18503.5192590945 0.9900758010064336 0
436 0.19045751576859965 6 15666 15633.4 18636.136226351122 0.999272309459977 0
437 0.19045751576859965 6 15426 15389.8 18610.898527016827 1.013444833398159 0
438 0.19045751576859965 6 16266 16349.4 18320.903076175597 0.9461330382392721 0
439 0.19045751576859965 6 15741 15778.2 19463.266108307143 1.038650657518582 0
440 0.19045751576859965 6 15895 15934.2 18783.27677530012 0.9926517772884556 0
441 0.19045751576859965 6 15696 15702.0 18968.98814776002 1.0151758409785934 0
442 0.19045751576859965 6 15476 15486.0 18692.56391259855 1.0146032566554666 0
443 0.19045751576859965 6 15274 15075.6 18435.425089192537 1.0138797957313082 0
444 0.19045751576859965 6 15443 15383.4 17946.861324721103 0.9762092857605388 0
445 0.19045751576859965 6 16126 16172.2 18313.284148074676 0.9539501426268138 0
446 0.19045751576859965 6 15356 15288.0 19252.317036512948 1.0531518624641834 0
447 0.19045751576859965 6 15584 15605.6 18199.714501070353 0.981006160164271 0
448 0.19045751576859965 6 57943 15605.6 18577.80380807846 0.2693267521529779 1
449 0.19045751576859965 6 143418 15605.6 18577.80380807846 0.10881200407201327 1
450 0.19045751576859965 6 137119 15605.6 18577.80380807846 0.11381063164112924 1
451 0.19045751576859965 6 138072 15605.6 18577.80380807846 0.1130250883596964 1
452 0.19045751576859965 6 136796 15605.6 18577.80380807846 0.11407935904558614 1
453 0.19045751576859965 6 135618 15605.6 18577.80380807846 0.11507027090799157 1
454 0.19045751576859965 6 136843 15605.6 18577.80380807846 0.11404017742960912 1
455 0.19045751576859965 6 134308 15605.6 18577.80380807846 0.1161926318610954 1
456 0.19045751576859965 6 135983 15605.6 18577.80380807846 0.11476140399902929 1
457 0.19045751576859965 6 136181 15605.6 18577.80380807846 0.11459454696323276 1
458 0.19045751576859965 6 135916 15605.6 18577.80380807846 0.11481797580858766 1
459 0.19045751576859965 6 136721 15605.6 18577.80380807846 0.11414193869266609 1
460 0.19045751576859965 6 135682 15605.6 18577.80380807846 0.11501599327840097 1
461 0.19045751576859965 6 136132 15605.6 18577.80380807846 0.11463579466987923 1
462 0.19045751576859965 6 135120 15605.6 18577.80380807846 0.11549437537004145 1
463 0.19045751576859965 6 132595 15605.6 18577.80380807846 0.11769372902447302 1
464 0.19045751576859965 6 134409 15605.6 18577.80380807846 0.11610532032825183 1
465 0.19045751576859965 6 130572 15605.6 18577.80380807846 0.11951720123763135 1
466 0.19045751576859965 6 133754 15605.6 18577.80380807846 0.11667389386485638 1
467 0.19045751576859965 6 132937 15605.6 18577.80380807846 0.1173909445827723 1
468 0.19045751576859965 6 133645 15605.6 18577.80380807846 0.11676905234015489 1
469 0.19045751576859965 6 132937 15605.6 18577.80380807846 0.1173909445827723 1
470 0.19045751576859965 6 132282 15605.6 18577.80380807846 0.11797221088281097 1
471 0.19045751576859965 6 134157 15605.6 18577.80380807846 0.1163234121216187 1
472 0.19045751576859965 6 134684 15605.6 18577.80380807846 0.11586825458109352 1
473 0.19045751576859965 6 131830 15605.6 18577.80380807846 0.11837669726162482 1
474 0.19045751576859965 6 134718 15605.6 18577.80380807846 0.11583901186181506 1
475 0.19045751576859965 6 135674 15605.6 18577.80380807846 0.11502277518168551 1
476 0.19045751576859965 6 135388 15605.6 18577.80380807846 0.11526575471976837 1
477 0.19045751576859965 6 132830 15605.6 18577.80380807846 0.11748550779191448 1
478 0.19045751576859965 6 40601 15605.6 18577.80380807846 0.384364917120268 1
479 0.19045751576859965 6 14409 15605.6 18577.80380807846 1.083045318897911 0
480 0.19045751576859965 6 14102 13833.8 18577.80380807846 1.1066231740178698 0
481 0.19045751576859965 6 14098 13692.4 16468.551181639654 0.9812597531564761 0
482 0.19045751576859965 6 14523 14356.4 16300.220488909974 0.9428079597879225 0
483 0.19045751576859965 6 14675 14493.2 17090.684279380326 0.978289608177172 0
484 0.19045751576859965 6 14525 14548.2 17253.53886753747 0.9978106712564544 0
485 0.19045751576859965 6 14496 14574.8 17319.014030904742 1.0036009933774834 0
486 0.19045751576859965 6 15164 15377.2 17350.680200824187 0.961144816671063 0
487 0.19045751576859965 6 15100 15215.4 18305.90331147691 1.0183576158940397 0
488 0.19045751576859965 6 15759 15975.8 18113.28728542555 0.9655054254711594 0
489 0.19045751576859965 6 15199 15333.8 19018.511180415993 1.0511086255674715 0
490 0.19045751576859965 6 14615 14638.8 18254.237455292554 1.049182346903866 0
491 0.19045751576859965 6 14873 14814.8 17426.869481833375 0.9842533449875613 0
492 0.19045751576859965 6 15769 15902.8 17636.39000460865 0.9394888705688376 0
493 0.19045751576859965 6 15230 15124.2 18931.607781764887 1.0441759684832568 0
494 0.19045751576859965 6 15770 15884.2 18004.717559987457 0.9590488268864934 0
495 0.19045751576859965 6 15183 15296.6 18909.465271971592 1.046183231245472 0
496 0.19045751576859965 6 14990 15013.4 18209.952435705964 1.0204536357571714 0
497 0.19045751576859965 6 15796 15801.4 17872.814867240293 0.9504558115978728 0
498 0.19045751576859965 6 15200 15194.0 18810.89538966595 1.0395657894736843 0
499 0.19045751576859965 6 15774 15774.8 18087.811494588103 0.9632306326866996 0
500 0.19045751576859965 6 15228 15237.0 18779.229219746507 1.035907538744418 0
501 0.19045751576859965 6 15702 15844.4 18139.001167766153 0.9703859380970578 0
502 0.19045751576859965 6 15469 15403.6 18862.085062844002 1.0242678906199496 0
503 0.19045751576859965 6 15029 14994.8 18337.331389893203 1.0249251447202077 0
504 0.19045751576859965 6 16056 16112.4 17850.672357446998 0.9339063278525161 0
505 0.19045751576859965 6 15423 15462.0 19181.127677069984 1.0446994748103482 0
506 0.19045751576859965 6 15756 15766.8 18406.85410881409 0.9813404417364814 0
507 0.19045751576859965 6 15966 16065.4 18769.705559620357 0.9875234874107478 0
508 0.19045751576859965 6 15023 15021.8 19125.176173828862 1.0693869400252944 0
509 0.19045751576859965 6 16024 16017.6 17882.81471037275 0.9374563155267099 0
510 0.19045751576859965 6 15138 15081.0 19068.272304575123 1.0581054300435988 0
511 0.19045751576859965 6 14919 14751.6 17953.289795306253 1.0108586366378443 0
512 0.19045751576859965 6 15921 15912.0 17561.153089612075 0.9265498398341813 0
513 0.19045751576859965 6 15159 15186.2 18942.55999090996 1.0496734613101129 0
514 0.19045751576859965 6 15881 15852.4 18078.52592596511 0.9562496064479568 0
515 0.19045751576859965 6 14905 14858.4 18871.608722970148 1.0635625628983563 0
516 0.19045751576859965 6 14750 14716.2 17688.29395229616 1.0073491525423728 0
517 0.19045751576859965 6 15794 15768.6 17519.010893553866 0.9317588957832088 0
518 0.19045751576859965 6 15115 15106.2 18771.848383148743 1.0432418127687728 0
519 0.19045751576859965 6 15063 14899.4 17983.289324703623 1.002867954590719 0
520 0.19045751576859965 6 14975 14989.0 17737.102710442676 0.9949515859766277 0
521 0.19045751576859965 6 15080 15146.0 17843.76770385554 0.9939655172413793 0
522 0.19045751576859965 6 14628 14394.8 18030.669533831213 1.0354115395132621 0
523 0.19045751576859965 6 15086 15080.2 17136.397847985838 0.9541826859339785 0
524 0.19045751576859965 6 15156 15174.6 17952.33742929364 0.9949986803906045 0
525 0.19045751576859965 6 15091 15114.2 18064.716618782193 1.0055397256643033 0
526 0.19045751576859965 6 14823 14771.6 17992.812984829772 1.0196451460568037 0
527 0.19045751576859965 6 14919 14977.2 17584.96223992745 0.9901199812319861 0
528 0.19045751576859965 6 14923 14890.4 17829.720305169474 1.00363197748442 0
529 0.19045751576859965 6 15018 14990.4 17726.388592800755 0.9915035290984152 0
530 0.19045751576859965 6 15059 15052.6 17845.434344377616 0.9954445846337738 0
531 0.19045751576859965 6 15101 15156.6 17919.480801858423 0.9967949142440898 0
532 0.19045751576859965 6 14842 14826.6 18043.28838349836 1.0211966042312357 0
533 0.19045751576859965 6 14967 14975.8 17650.43740329472 0.990619362597715 0
534 0.19045751576859965 6 14896 14871.6 17828.053664647396 1.0053571428571428 0
535 0.19045751576859965 6 15210 15240.2 17704.007991504306 0.9777514792899409 0
536 0.19045751576859965 6 14869 14822.6 18142.810631816614 1.0249646916403257 0
537 0.19045751576859965 6 14853 14855.2 17645.675573231645 0.9979532754325726 0
538 0.19045751576859965 6 15026 15037.8 17684.484488245704 0.9886330360708107 0
539 0.19045751576859965 6 14900 14900.8 17901.86203062505 1.009248322147651 0
540 0.19045751576859965 6 14865 14796.0 17738.76935096475 1.0024083417423477 0
541 0.19045751576859965 6 14991 15015.4 17614.0094033122 0.9869921953171903 0
542 0.19045751576859965 6 14907 14917.8 17875.195782271832 1.0072717515261287 0
543 0.19045751576859965 6 14864 14831.6 17759.007128732817 1.0036194833153929 0
544 0.19045751576859965 6 14660 14612.0 17656.389690873562 1.0117053206002729 0
545 0.19045751576859965 6 14599 14545.8 17394.96522041078 1.0008904719501335 0
546 0.19045751576859965 6 14516 14421.0 17316.156932866896 1.0020529071369524 0
547 0.19045751576859965 6 14290 14166.6 17167.587834898975 1.0091672498250526 0
548 0.19045751576859965 6 14738 14712.8 16864.735442887446 0.961229474826978 0
549 0.19045751576859965 6 14626 14619.2 17514.963338000252 1.005934636947901 0
550 0.19045751576859965 6 14565 14558.2 17403.536514524312 1.0037212495708892 0
551 0.19045751576859965 6 14645 14670.8 17330.91860606243 0.9940730624786617 0
552 0.19045751576859965 6 14483 14521.6 17464.964122337973 1.0129669267416972 0
553 0.19045751576859965 6 14246 14147.6 17287.347860985297 1.019345781271936 0
554 0.19045751576859965 6 14382 14333.2 16842.11675008784 0.98370184953414 0
555 0.19045751576859965 6 15453 15630.6 17063.065665014496 0.9275351064518217 0
556 0.19045751576859965 6 14448 14408.6 18607.565245972673 1.0818521594684385 0
557 0.19045751576859965 6 15885 16165.4 17152.826161703448 0.9070569719861504 0
558 0.19045751576859965 6 14545 14604.8 19244.22192540572 1.11140598143692 0
559 0.19045751576859965 6 14670 14727.6 17386.393926297245 0.9955555555555555 0
560 0.19045751576859965 6 14789 14656.2 17532.58210923363 0.9958482656028129 0
561 0.19045751576859965 6 14985 15092.4 17447.583442607753 0.9780580580580581 0
562 0.19045751576859965 6 14752 14525.4 17966.861010986013 1.0230748373101952 0
563 0.19045751576859965 6 14564 14567.8 17291.87159954522 0.997349629222741 0
564 0.19045751576859965 6 14806 14833.2 17342.346998213805 0.9839119275969201 0
565 0.19045751576859965 6 14815 14820.2 17658.294422898794 1.001228484643942 0
566 0.19045751576859965 6 14908 14892.6 17642.818475193802 0.9941105446740006 0
567 0.19045751576859965 6 14566 14528.8 17729.007599335448 1.0224220788136757 0
568 0.19045751576859965 6 14745 14781.2 17295.91915509883 0.9853374025093251 0
569 0.19045751576859965 6 15488 15624.4 17596.390632078826 0.9543646694214877 0
570 0.19045751576859965 6 15326 15428.2 18600.18440937491 1.0194701813911 0
571 0.19045751576859965 6 14941 14947.6 18366.616644781112 1.0326082591526673 0
572 0.19045751576859965 6 14856 14914.0 17794.482762702723 1.006165858912224 0
573 0.19045751576859965 6 15221 15316.2 17754.483390172896 0.9798304973392025 0
574 0.19045751576859965 6 14799 14661.2 18233.285403015027 1.034948307318062 0
575 0.19045751576859965 6 15236 15218.0 17453.535730186595 0.9622735626148596 0
576 0.19045751576859965 6 15010 15023.8 18116.38247496655 1.0138574283810793 0
577 0.19045751576859965 6 15190 15256.8 17885.19562540429 0.9890585911784068 0
578 0.19045751576859965 6 15786 15899.0 18162.57222657837 0.9664766248574685 0
579 0.19045751576859965 6 15084 15141.0 18927.084043204966 1.0540307610713338 0
580 0.19045751576859965 6 15152 15135.2 18024.717246252367 0.9992740232312566 0
581 0.19045751576859965 6 14736 14681.2 18017.81259266091 1.0270901194353963 0
582 0.19045751576859965 6 14979 14936.8 17477.344880501965 0.9801188330329128 0
583 0.19045751576859965 6 14800 14602.8 17781.62582153242 1.0092432432432432 0
584 0.19045751576859965 6 14562 14457.6 17384.013011265706 1.0028018129377831 0
585 0.19045751576859965 6 14881 14826.8 17211.15857997611 0.9715476110476446 0
586 0.19045751576859965 6 17210 17704.8 17650.675494797873 0.8615223707147007 0
587 0.19045751576859965 6 14310 14176.2 21076.812225179903 1.2372327044025158 0
588 0.19045751576859965 6 14089 13946.8 16876.163835038824 1.0061892256370217 0
589 0.19045751576859965 6 13935 13809.6 16603.072880921507 1.0008467886616432 0
590 0.19045751576859965 6 14127 13976.2 16439.742109758055 0.9775323847950733 0
591 0.19045751576859965 6 14292 13708.4 16638.072331885105 0.9779037223621607 0
592 0.19045751576859965 6 14001 13939.2 16319.267809162271 0.9791014927505178 0
593 0.19045751576859965 6 14220 14246.2 16594.025403801665 0.9802531645569621 0
594 0.19045751576859965 6 13896 13888.2 16959.495861142626 1.0252014968336212 0
595 0.19045751576859965 6 14288 14320.2 16533.312070497468 0.9720184770436731 0
596 0.19045751576859965 6 13851 13762.8 17047.589717309504 1.0338748104829976 0
597 0.19045751576859965 6 13554 13464.6 16384.028698020084 1.0154050464807436 0
598 0.19045751576859965 6 13649 13534.8 16029.034266817887 0.9864898527364643 0
599 0.19045751576859965 6 13469 13383.6 16112.604384424842 1.00488529215235 0
600 0.19045751576859965 6 13137 12906.8 15932.607208040632 1.018771408997488 0
601 0.19045751576859965 6 12996 12825.0 15364.997064522162 0.9931363496460449 0
602 0.19045751576859965 6 12633 12448.8 15267.61763973229 1.0151982901923533 0
603 0.19045751576859965 6 12941 12799.4 14819.767522300142 0.9619658449887952 0
604 0.19045751576859965 6 13861 13939.4 15237.141927328614 0.9234110093066878 0
605 0.19045751576859965 6 13193 13204.2 16594.26349530482 1.0565754566815735 0
606 0.19045751576859965 6 12949 12939.6 15719.039129711746 1.019708085566453 0
607 0.19045751576859965 6 13133 13233.0 15404.044071039372 0.9852737379121298 0
608 0.19045751576859965 6 13225 13281.8 15753.32430616588 1.0006049149338374 0
609 0.19045751576859965 6 13633 13587.4 15811.418632935387 0.9742389789481405 0
610 0.19045751576859965 6 13047 13017.8 16175.222449754272 1.041419483406147 0
611 0.19045751576859965 6 13408 13499.8 15497.137848772476 0.9708979713603818 0
612 0.19045751576859965 6 13571 13658.6 16070.938371372942 0.9947535185321641 0
613 0.19045751576859965 6 12965 12913.0 16259.983024876996 1.0534978789047436 0
614 0.19045751576859965 6 13197 13109.8 15372.377901119928 0.9784799575661135 0
615 0.19045751576859965 6 13322 13377.0 15606.659940223188 0.9840714607416303 0
616 0.19045751576859965 6 13183 13138.0 15924.750188436557 1.0147159220207844 0
617 0.19045751576859965 6 13054 12950.6 15640.230842167863 1.0064348092538686 0
618 0.19045751576859965 6 13384 13467.8 15417.139103712827 0.9676180514046623 0
619 0.19045751576859965 6 13248 13258.2 16032.843730868346 1.016591183574879 0
620 0.19045751576859965 6 13331 13332.8 15783.32383556325 0.9945390443327583 0
621 0.19045751576859965 6 13519 13586.2 15872.131966239585 0.9862267919224794 0
622 0.19045751576859965 6 13573 13676.8 16173.79390073535 1.0009725189714875 0
623 0.19045751576859965 6 13492 13513.6 16281.649351663984 1.0136970056329677 0
624 0.19045751576859965 6 13636 13713.6 16087.36668509055 0.991023760633617 0
625 0.19045751576859965 6 13370 13377.8 16325.458188244269 1.0256993268511594 0
626 0.19045751576859965 6 13197 13132.6 15925.702554449172 1.013700083352277 0
627 0.19045751576859965 6 13185 13107.4 15633.802371582713 0.9960257868790292 0
628 0.19045751576859965 6 13756 13808.8 15603.802842185343 0.9528496656004652 0
629 0.19045751576859965 6 13236 13156.0 16438.789743745438 1.0432759141734662 0
630 0.19045751576859965 6 13469 13488.8 15661.659077451697 0.9767614522236246 0
631 0.19045751576859965 6 13444 13493.4 16057.843338699488 1.0033323415650104 0
632 0.19045751576859965 6 13201 13204.2 16063.319443272023 1.0221498371335505 0
633 0.19045751576859965 6 13296 13204.0 15719.039129711746 0.9930956678700361 0
634 0.19045751576859965 6 13381 13410.0 15718.80103820859 0.986772289066587 0
635 0.19045751576859965 6 13773 13833.8 15964.035286456921 0.9736440862557177 0
636 0.19045751576859965 6 13719 13774.0 16468.551181639654 1.0083679568481667 0
637 0.19045751576859965 6 13386 13423.0 16397.361822196694 1.0289855072463767 0
638 0.19045751576859965 6 13198 13178.4 15979.511234161913 1.0170480375814517 0
639 0.19045751576859965 6 13071 13009.0 15688.325325804914 1.0082166628414047 0
640 0.19045751576859965 6 13164 13042.2 15486.661822633714 0.9882254633849894 0
641 0.19045751576859965 6 12935 12778.2 15526.185012157232 1.00828759180518 0
642 0.19045751576859965 6 13112 13057.2 15211.904227994322 0.97454240390482 0
643 0.19045751576859965 6 12848 12778.0 15544.04187489376 1.016282689912827 0
644 0.19045751576859965 6 12722 12652.2 15211.666136491167 1.0044018236126395 0
645 0.19045751576859965 6 12784 12708.0 15061.906581007479 0.9896902377972466 0
646 0.19045751576859965 6 13095 13127.0 15128.334110387364 0.970446735395189 0
647 0.19045751576859965 6 12698 12615.2 15627.135809494408 1.0337848480075602 0
648 0.19045751576859965 6 13188 13256.0 15017.85965292404 0.956566575674856 0
649 0.19045751576859965 6 13105 13181.6 15780.704829028558 1.0115223197252956 0
650 0.19045751576859965 6 12859 12874.0 15692.134789855374 1.0250874873629365 0
651 0.19045751576859965 6 13034 13021.8 15325.950058004953 0.9877244130735001 0
652 0.19045751576859965 6 12998 13058.0 15501.89967883555 1.0018310509309123 0
653 0.19045751576859965 6 12992 12952.8 15544.994240906375 1.0050800492610839 0
654 0.19045751576859965 6 12856 12806.2 15419.758110247518 1.0075295581829495 0
655 0.19045751576859965 6 13022 13054.6 15245.237038435842 0.9834280448471817 0
656 0.19045751576859965 6 12818 12774.8 15540.946685352763 1.0184584178498985 0
657 0.19045751576859965 6 12932 12918.8 15207.856672440706 0.9878441076399628 0
658 0.19045751576859965 6 13136 13164.8 15379.282554711384 0.9834652862362971 0
659 0.19045751576859965 6 13016 13048.0 15672.13510359046 1.0114320835894284 0
660 0.19045751576859965 6 12847 12812.0 15533.089665748688 1.0156456760333152 0
661 0.19045751576859965 6 12962 12990.8 15252.141692027299 0.9884277117728746 0
662 0.19045751576859965 6 12978 12987.2 15464.995495846724 1.0009862844814301 0
663 0.19045751576859965 6 13105 13098.8 15460.709848789958 0.9910110644792065 0
664 0.19045751576859965 6 13116 13136.0 15593.564907549733 0.9986886245806648 0
665 0.19045751576859965 6 12937 12955.0 15637.849927136325 1.0153822369946666 0
666 0.19045751576859965 6 13364 13444.4 15422.377116782209 0.9693953906016163 0
667 0.19045751576859965 6 13064 13081.2 16004.987024999362 1.0291181873851807 0
668 0.19045751576859965 6 13015 12997.0 15572.612855272208 1.0050864387245486 0
669 0.19045751576859965 6 13125 13126.8 15472.37633244449 0.990247619047619 0
670 0.19045751576859965 6 12927 12925.0 15626.897717991254 1.015456022278951 0
671 0.19045751576859965 6 13301 13288.4 15386.663391309152 0.9717314487632509 0
672 0.19045751576859965 6 13310 13359.2 15819.27565253946 0.9983771600300526 0
673 0.19045751576859965 6 13442 13527.4 15903.560044655878 0.9938402023508407 0
674 0.19045751576859965 6 13685 13797.0 16103.794998808155 0.988483741322616 0
675 0.19045751576859965 6 13590 13722.6 16424.74234505937 1.0152317880794701 0
676 0.19045751576859965 6 13399 13418.6 16336.172305886186 1.0241510560489588 0
677 0.19045751576859965 6 13858 13967.6 15974.273221092533 0.9682926829268292 0
678 0.19045751576859965 6 13405 13397.6 16627.834397249495 1.0419694143976128 0
679 0.19045751576859965 6 13393 13334.6 15949.273613261392 1.0003434630030614 0
680 0.19045751576859965 6 13809 13852.8 15874.27478976797 0.9656455934535448 0
681 0.19045751576859965 6 13531 13557.4 16491.169874439256 1.0237824255413495 0
682 0.19045751576859965 6 13480 13404.4 16139.508724281213 1.0057418397626112 0
683 0.19045751576859965 6 13197 13155.4 15957.368724368618 1.0157156929605213 0
684 0.19045751576859965 6 13254 13226.2 15660.944802942236 0.9925607363814697 0
685 0.19045751576859965 6 13639 13605.0 15745.229195058655 0.9697338514553854 0
686 0.19045751576859965 6 13689 13720.6 16196.1745020318 0.9938636861713784 0
687 0.19045751576859965 6 13352 13326.4 16333.791390854649 1.0276063511084481 0
688 0.19045751576859965 6 13282 13299.0 15864.513038138666 1.0033428700496914 0
689 0.19045751576859965 6 13165 13147.2 15831.894502206607 1.0101785036080517 0
690 0.19045751576859965 6 13049 12931.0 15651.183051312935 1.007525480879761 0
691 0.19045751576859965 6 13225 13132.2 15393.806136403762 0.9777693761814745 0
692 0.19045751576859965 6 12920 12833.6 15633.326188576406 1.0164241486068113 0
693 0.19045751576859965 6 14700 14983.6 15277.8555743679 0.8730340136054422 0
694 0.19045751576859965 6 13095 13081.0 17837.33923327039 1.1442229858724704 0
695 0.19045751576859965 6 13074 13079.0 15572.374763769052 1.0005354137983784 0
696 0.19045751576859965 6 13584 13655.8 15569.993848737515 0.962823910482921 0
697 0.19045751576859965 6 12951 12957.2 16256.649743832842 1.0544205080688749 0
698 0.19045751576859965 6 12807 12428.4 15424.996123316902 1.0117279612711798 0
699 0.19045751576859965 6 13124 13129.8 14795.482188978463 0.9469978665041145 0
700 0.19045751576859965 6 13086 13088.4 15630.46909053856 1.0033470884915177 0
701 0.19045751576859965 6 13092 12993.6 15581.18414938574 0.9997250229147571 0
702 0.19045751576859965 6 12916 12909.0 15468.328776890878 1.0060080520284918 0
703 0.19045751576859965 6 13163 13234.2 15367.616071056853 0.9807034870470257 0
704 0.19045751576859965 6 13188 13200.8 15754.752855184803 1.003503184713376 0
705 0.19045751576859965 6 13298 13340.4 15714.99157415813 0.9926906301699503 0
706 0.19045751576859965 6 13014 12998.4 15881.179443359428 1.025080682342093 0
707 0.19045751576859965 6 13392 13487.2 15474.042972966567 0.9706093189964158 0
708 0.19045751576859965 6 13152 13149.8 16055.938606674259 1.0254866180048663 0
709 0.19045751576859965 6 13364 13399.2 15654.278240853931 0.9839718647111643 0
710 0.19045751576859965 6 13663 13736.0 15951.178345286622 0.9806923808826759 0
711 0.19045751576859965 6 13506 13604.4 16352.124436597485 1.0170294683844217 0
712 0.19045751576859965 6 13781 13858.8 16195.460227522337 0.9871852550613163 0
713 0.19045751576859965 6 13668 13771.2 16498.31261953387 1.0139596136962248 0
714 0.19045751576859965 6 14461 14680.4 16394.02854115254 0.9522992877394372 0
715 0.19045751576859965 6 13947 14003.8 17476.39251448935 1.0525847852584784 0
716 0.19045751576859965 6 13928 14012.4 16670.928959320314 1.0054422745548535 0
717 0.19045751576859965 6 14198 14281.4 16681.166893955928 0.9869277363008874 0
718 0.19045751576859965 6 13859 13897.2 17001.39996569768 1.0304783894941916 0
719 0.19045751576859965 6 13505 13313.8 16544.026188139385 1.029041095890411 0
720 0.19045751576859965 6 13519 13433.4 15849.513273439981 0.9848213625268141 0
721 0.19045751576859965 6 13451 13355.6 15991.891992325907 0.9986915470968701 0
722 0.19045751576859965 6 13205 13006.4 15899.27439759911 1.011404770920106 0
723 0.19045751576859965 6 13303 13191.8 15483.566633092714 0.9777042772306999 0
724 0.19045751576859965 6 14829 15093.8 15704.277456516213 0.8895947130622428 0
725 0.19045751576859965 6 13443 13427.8 17968.527651508088 1.1227999702447369 0
726 0.19045751576859965 6 13288 13255.4 15985.225430237602 1.0105207706201083 0
727 0.19045751576859965 6 13510 13571.0 15779.990554519096 0.9811547002220578 0
728 0.19045751576859965 6 13414 13436.2 16155.698946495666 1.0117041896526018 0
729 0.19045751576859965 6 13395 13108.2 15995.22527337006 1.0030757745427399 0
730 0.19045751576859965 6 13536 13554.6 15604.75520819796 0.968395390070922 0
731 0.19045751576859965 6 13670 13746.4 16136.175443237062 0.9915581565471836 0
732 0.19045751576859965 6 13409 13388.8 16364.50519476148 1.0251622044895219 0
733 0.19045751576859965 6 13550 13577.2 15938.797587122626 0.9881033210332103 0
734 0.19045751576859965 6 13513 13536.6 16163.079783093433 1.0047509805372605 0
735 0.19045751576859965 6 13839 13899.6 16114.747207953227 0.9781487101669196 0
736 0.19045751576859965 6 13329 13260.8 16546.883286177228 1.0428089128966915 0
737 0.19045751576859965 6 13860 13950.2 15786.419025104246 0.9567676767676767 0
738 0.19045751576859965 6 13680 13706.0 16607.12043647512 1.0197514619883041 0
739 0.19045751576859965 6 13917 13997.8 16316.410711124428 0.984838686498527 0
740 0.19045751576859965 6 17291 17981.4 16663.786214225704 0.8095425365797235 0
741 0.19045751576859965 6 17061 17807.4 21406.0927740415 1.0539475997889924 0
742 0.19045751576859965 6 17003 17631.6 21198.953166297764 1.0473092983591132 0
743 0.19045751576859965 6 17301 18025.2 20989.67073502564 1.0191087220391883 0
744 0.19045751576859965 6 13482 13395.0 21458.234813232164 1.3369826435246996 0
745 0.19045751576859965 6 13159 12332.6 15946.178423720394 1.0179344935025458 0
746 0.19045751576859965 6 13231 12465.0 14681.436358967832 0.932098858740836 0
747 0.19045751576859965 6 14002 13401.8 14839.052934055595 0.8902299671475503 0
748 0.19045751576859965 6 13403 12623.4 15954.273534827618 0.9999104678057151 0
749 0.19045751576859965 6 13105 13029.6 15027.621404553342 0.9632506676840901 0
750 0.19045751576859965 6 13600 13688.2 15511.185247458547 0.9580588235294117 0
751 0.19045751576859965 6 13281 13291.0 16295.220567343747 1.0306603418417288 0
752 0.19045751576859965 6 12661 12392.8 15822.370842080458 1.0497591027564963 0
753 0.19045751576859965 6 13047 12975.8 14753.101901417102 0.9498582049513298 0
754 0.19045751576859965 6 12712 12633.4 15447.138633110195 1.0207520453115166 0
755 0.19045751576859965 6 12901 12761.2 15039.525979711027 0.9792574219052786 0
756 0.19045751576859965 6 12941 12873.0 15191.666450226256 0.9861061741751025 0
757 0.19045751576859965 6 12848 12885.4 15324.759600489184 1.0019458281444582 0
758 0.19045751576859965 6 13093 13102.2 15339.521273684713 0.9841441991904071 0
759 0.19045751576859965 6 13035 13099.6 15597.612463103347 1.005155350978136 0
760 0.19045751576859965 6 13130 13175.8 15594.51727356235 0.9976846915460778 0
761 0.19045751576859965 6 12926 12923.0 15685.230136263915 1.01932539068544 0
762 0.19045751576859965 6 14210 14482.4 15384.282476277614 0.909429978888107 0
763 0.19045751576859965 6 13309 13352.2 17240.681926367168 1.0881659027725599 0
764 0.19045751576859965 6 13655 13779.0 15895.226842045498 0.9778249725375321 0
765 0.19045751576859965 6 13246 13269.2 16403.314109775536 1.0402385625849313 0
766 0.19045751576859965 6 13792 13965.2 15796.418868236704 0.9620939675174014 0
767 0.19045751576859965 6 13216 13017.2 16624.97729921165 1.0566888619854722 0
768 0.19045751576859965 6 13170 13142.2 15496.423574263017 0.9883978739559606 0
769 0.19045751576859965 6 13125 13019.0 15645.230763734093 1.0013104761904763 0
770 0.19045751576859965 6 13049 13009.6 15498.5663977914 0.9977009732546556 0
771 0.19045751576859965 6 13322 13228.0 15487.376097143175 0.9765500675574238 0
772 0.19045751576859965 6 13273 13284.4 15747.372018587037 0.996609658705643 0
773 0.19045751576859965 6 13051 13027.2 15814.513822476385 1.0178836870737875 0
774 0.19045751576859965 6 13473 13542.6 15508.328149420702 0.9669116009797373 0
775 0.19045751576859965 6 13084 13091.0 16121.88995304784 1.035050443289514 0
776 0.19045751576859965 6 13076 13026.8 15584.279338926739 1.0011471397981033 0
777 0.19045751576859965 6 13960 14097.4 15507.851966414393 0.9331518624641834 0
778 0.19045751576859965 6 13119 13132.6 16782.355782796258 1.0745788550956628 0
779 0.19045751576859965 6 13111 13038.6 15633.802371582713 1.0016474715887422 0
780 0.19045751576859965 6 13316 13362.4 15521.899365100464 0.9791679182937819 0
781 0.19045751576859965 6 13311 13358.0 15907.369508706337 1.003861467958831 0
782 0.19045751576859965 6 13048 12865.6 15902.131495636955 1.023758430410791 0
783 0.19045751576859965 6 13116 13115.4 15315.950214872497 0.9809088136627021 0
784 0.19045751576859965 6 13227 13250.2 15613.326502311493 0.9915627126332501 0
785 0.19045751576859965 6 13397 13413.2 15773.8001754371 0.9890423229081138 0
786 0.19045751576859965 6 13145 13111.8 15967.844750507382 1.0204031951312287 0
787 0.19045751576859965 6 13089 13097.2 15609.040855254725 1.0017419206967682 0
788 0.19045751576859965 6 12823 12764.4 15591.660175524505 1.0213834516103877 0
789 0.19045751576859965 6 12881 12811.8 15195.475914276714 0.9909479077711357 0
790 0.19045751576859965 6 12526 12351.8 15251.903600524145 1.0228165415934856 0
791 0.19045751576859965 6 12840 12779.0 14704.293143270588 0.9619781931464174 0
792 0.19045751576859965 6 12695 12616.2 15212.856594006935 1.006616778259157 0
793 0.19045751576859965 6 12676 12646.6 15019.050110439808 0.9952824234774378 0
794 0.19045751576859965 6 12700 12663.8 15055.240018919174 0.9957952755905513 0
795 0.19045751576859965 6 12413 12390.4 15075.715888190392 1.0202046241843228 0
796 0.19045751576859965 6 12696 12667.2 14750.244803379257 0.9759294265910523 0
797 0.19045751576859965 6 12817 12841.4 15079.763443744007 0.9883123975969417 0
798 0.19045751576859965 6 12711 12718.0 15287.141142990897 1.0102588309338367 0
799 0.19045751576859965 6 12869 12902.8 15140.238685545051 0.9882663765638355 0
800 0.19045751576859965 6 12647 12693.8 15360.235234459087 1.0202261405867004 0
801 0.19045751576859965 6 12629 12615.6 15111.42961366345 1.0051310475888826 0
802 0.19045751576859965 6 12674 12645.4 15018.335835930347 0.9953921413918259 0
803 0.19045751576859965 6 12725 12727.8 15053.81146990025 0.9937445972495088 0
804 0.19045751576859965 6 13366 13465.4 15151.905169199583 0.9522519826425258 0
805 0.19045751576859965 6 12555 12536.6 16029.986632830502 1.0725129430505775 0
806 0.19045751576859965 6 12981 13051.4 14924.289692184628 0.9657653493567522 0
807 0.19045751576859965 6 12809 12836.0 15537.137221302302 1.0189241939261457 0
808 0.19045751576859965 6 12797 12811.4 15280.712672405745 1.0030475892787372 0
809 0.19045751576859965 6 12922 12833.2 15251.427417517838 0.9914409534127844 0
810 0.19045751576859965 6 12900 12969.0 15277.379391361595 0.9948217054263566 0
811 0.19045751576859965 6 12905 12889.8 15439.04352200297 1.0049593180937622 0
812 0.19045751576859965 6 12850 12858.2 15344.759286754095 1.0030972762645913 0
813 0.19045751576859965 6 12623 12588.2 15307.14082925581 1.018632654677969 0
814 0.19045751576859965 6 13145 13189.6 14985.717299998289 0.957641688855078 0
815 0.19045751576859965 6 12871 12865.2 15701.658449981524 1.024753321420247 0
816 0.19045751576859965 6 12705 12665.0 15315.47403186619 1.0126092089728453 0
817 0.19045751576859965 6 12865 12868.0 15077.144437209316 0.9844539448115041 0
818 0.19045751576859965 6 12812 12849.8 15318.807312910341 1.0043709022791134 0
819 0.19045751576859965 6 13584 13671.8 15297.140986123351 0.9459511189634864 0
820 0.19045751576859965 6 13083 13125.4 16275.697064085141 1.0450049682794464 0
821 0.19045751576859965 6 12917 12959.4 15625.231077469178 1.0161337771928467 0
822 0.19045751576859965 6 12924 12935.8 15427.61512985159 1.0027390900649953 0
823 0.19045751576859965 6 12862 12872.0 15399.520332479451 1.0057378323744364 0
824 0.19045751576859965 6 13470 13447.2 15323.569142973416 0.9556050482553823 0
825 0.19045751576859965 6 13369 13426.2 16008.320306043515 1.0058493529807764 0
826 0.19045751576859965 6 13425 13526.6 15983.320698212374 1.0000893854748605 0
827 0.19045751576859965 6 13587 13719.6 16102.84263279554 0.9955545742253625 0
828 0.19045751576859965 6 13741 13916.8 16332.600933338881 0.9984426169856634 0
829 0.19045751576859965 6 13474 13474.8 16567.35915544845 1.0328632922665875 0
830 0.19045751576859965 6 13197 13162.6 16041.176933478726 1.0210502386906115 0
831 0.19045751576859965 6 13221 13180.2 15669.516097055772 0.995582784963316 0
832 0.19045751576859965 6 12968 12844.2 15690.4681493333 1.0163633559531153 0
833 0.19045751576859965 6 12748 12549.4 15290.47442403505 1.0075462817696894 0
834 0.19045751576859965 6 12872 12751.6 14939.527548386464 0.9749378495960224 0
835 0.19045751576859965 6 12971 12925.8 15180.238058074876 0.9830853442294349 0
836 0.19045751576859965 6 13074 13044.6 15387.615757321766 0.9886645250114731 0
837 0.19045751576859965 6 13094 13119.2 15529.042110195076 0.996227279670078 0
838 0.19045751576859965 6 13075 13140.4 15617.850240871414 1.0033804971319311 0
839 0.19045751576859965 6 13430 13541.6 15643.087940205707 0.9784363365599404 0
840 0.19045751576859965 6 12892 12876.2 16120.69949553207 1.0503878374185542 0
841 0.19045751576859965 6 13050 13045.2 15328.569064539644 0.9866819923371648 0
842 0.19045751576859965 6 13216 13240.4 15529.756384704539 0.9870762711864407 0
843 0.19045751576859965 6 13223 13252.6 15762.133691782567 1.0013158889813203 0
844 0.19045751576859965 6 13386 13377.2 15776.657273474944 0.9900343642611684 0
845 0.19045751576859965 6 13178 13235.2 15924.988279939713 1.0151161025952344 0
846 0.19045751576859965 6 13546 13645.2 15755.943312700572 0.9770559574782224 0
847 0.19045751576859965 6 13666 13756.0 16244.030894165697 0.9984779745353433 0
848 0.19045751576859965 6 13382 13413.8 16375.933586912857 1.0279479898370947 0
849 0.19045751576859965 6 13903 14006.4 15968.559025016842 0.964813349636769 0
850 0.19045751576859965 6 13375 13414.4 16674.024148861314 1.047207476635514 0
851 0.19045751576859965 6 13639 13657.6 15969.273299526303 0.9835325170467043 0
852 0.19045751576859965 6 13563 13542.4 16258.792567361228 1.0069748580697486 0
853 0.19045751576859965 6 13637 13688.0 16121.651861544684 0.9930629903937815 0
854 0.19045751576859965 6 13696 13654.6 16294.982475840592 0.9994158878504673 0
855 0.19045751576859965 6 13455 13471.0 16255.221194813921 1.0148346339650687 0
856 0.19045751576859965 6 13703 13715.8 16036.653194918807 0.9830694008611253 0
857 0.19045751576859965 6 13800 13847.4 16328.077194778958 0.9938985507246376 0
858 0.19045751576859965 6 13299 13231.4 16484.741403854106 1.041236183171667 0
859 0.19045751576859965 6 13547 13517.2 15751.41957414065 0.9767033291503654 0
860 0.19045751576859965 6 15360 15741.0 16091.652332147316 0.8800260416666668 0
861 0.19045751576859965 6 14184 14280.2 18738.991755713527 1.109771573604061 0
862 0.19045751576859965 6 13683 13659.6 16999.97141667876 1.0436453994007162 0
863 0.19045751576859965 6 13851 13961.4 16261.173482392765 0.9861815031405675 0
864 0.19045751576859965 6 13533 13530.2 16620.453560651727 1.0316559521170472 0
865 0.19045751576859965 6 13407 13016.4 16107.128279852308 1.009189229506974 0
866 0.19045751576859965 6 15909 16254.0 15495.471208250401 0.8181783895907976 0
867 0.19045751576859965 6 13827 13855.8 19349.69646130282 1.1755261444998915 0
868 0.19045751576859965 6 13644 13602.6 16494.741246986563 1.015523306948109 0
869 0.19045751576859965 6 13538 13539.0 16193.317403993955 1.0047717535825085 0
870 0.19045751576859965 6 13856 13945.8 16117.604305991072 0.9771218244803695 0
871 0.19045751576859965 6 13817 13398.6 16601.882423405736 1.0093218498950567 0
872 0.19045751576859965 6 13838 13840.2 15950.46407077716 0.9682468564821506 0
873 0.19045751576859965 6 14136 14234.4 16476.170109740575 0.979074702886248 0
874 0.19045751576859965 6 13955 14038.4 16945.448462456556 1.0200214976710855 0
875 0.19045751576859965 6 14410 14520.8 16712.118789365908 0.9742123525329632 0
876 0.19045751576859965 6 13192 13067.0 17286.395494972683 1.1007277137659186 0
877 0.19045751576859965 6 13791 13781.6 15555.708358548292 0.9475019940540933 0
878 0.19045751576859965 6 13800 13732.8 16406.409299316536 0.9986666666666667 0
879 0.19045751576859965 6 13504 13413.8 16348.314972547025 1.0169431279620853 0
880 0.19045751576859965 6 13816 13697.2 15968.559025016842 0.9708888245512449 0
881 0.19045751576859965 6 13263 13277.2 16305.934684985665 1.032737691321722 0
882 0.19045751576859965 6 14571 14727.0 15805.942528362853 0.9112071923684031 0
883 0.19045751576859965 6 14674 14848.8 17531.86783472417 1.003611830448412 0
884 0.19045751576859965 6 13899 13978.0 17676.865560144783 1.0683358515001078 0
885 0.19045751576859965 6 13616 13576.0 16640.215155413487 1.0265863689776733 0
886 0.19045751576859965 6 13154 13132.2 16161.65123407451 1.0320814961228524 0
887 0.19045751576859965 6 13156 12873.0 15633.326188576406 0.9981909394952874 0
888 0.19045751576859965 6 13146 12840.4 15324.759600489184 0.9792332268370607 0
889 0.19045751576859965 6 12884 12681.0 15285.950685475127 0.9966159577770878 0
890 0.19045751576859965 6 13214 13133.6 15096.191757461613 0.959663992734978 0
891 0.19045751576859965 6 12937 12893.6 15634.99282909848 1.0151967225786505 0
892 0.19045751576859965 6 12835 12770.8 15349.283025314018 1.0045656408258667 0
893 0.19045751576859965 6 13279 13305.6 15203.094842377632 0.9617290458618871 0
894 0.19045751576859965 6 13312 13397.6 15839.75152181068 0.9995192307692308 0
895 0.19045751576859965 6 13496 13552.4 15949.273613261392 0.9927089508002371 0
896 0.19045751576859965 6 12992 13003.0 16133.55643670237 1.043134236453202 0
897 0.19045751576859965 6 13056 13100.2 15479.519077539102 0.9959405637254902 0
898 0.19045751576859965 6 12789 12691.0 15595.231548071812 1.0243334115255298 0
899 0.19045751576859965 6 12858 12767.2 15108.0963326193 0.9870119769793125 0
