13802
13247
13589
13902
13465
13670
13683
13459
13408
13167
12879
12963
12765
12979
12796
13276
13307
13315
13379
13377
13344
13204
13689
13386
13614
13678
13376
13726
13659
13452
13726
13477
13676
13340
13226
13137
12877
13186
13266
12926
13097
12927
12855
12834
12817
12606
12417
12191
12349
12288
12431
12177
12275
12741
12093
12215
12491
11721
12341
12134
14218
14431
14347
14774
14714
12983
12631
12714
13089
13810
13652
14396
14419
13534
13351
14071
14414
14475
14357
14446
14090
13772
14349
14949
14715
14602
14558
14056
14055
14753
14668
14802
14911
15042
14315
14125
14308
13929
13589
13757
14109
13885
13505
14157
13724
13278
13852
13324
13113
13000
12876
13302
13209
12762
12621
12644
12606
12861
12871
13094
12957
13091
13119
13099
13953
12869
12927
12823
13095
13169
13408
12897
13016
12928
13011
13192
13296
13154
13385
13505
12820
13306
13136
13121
13131
13171
13109
12970
12801
12715
12390
12534
12496
12309
12525
12301
12665
12856
12842
12699
12948
12556
13037
13016
12950
12788
12852
12755
12727
13401
12853
13005
12888
12940
12941
12683
13040
12880
12973
12730
13010
13111
13139
12900
12702
13003
13114
12984
13110
12874
12764
12833
12486
12718
12848
12456
12340
12202
12318
12389
12869
13313
13158
13041
13661
14015
13994
13928
14079
14195
13976
14354
15047
14958
14749
14535
14890
14747
14934
15187
14903
14624
14222
14417
15122
14486
14831
15549
19397
18630
18926
18661
19006
18919
18959
19317
14854
14707
14813
14933
14733
14782
14440
14780
14591
14393
14317
14718
14505
14217
14858
14408
14384
14856
14315
14211
14367
14122
14011
14136
13971
14234
13988
14599
14375
14726
14538
14464
14610
14685
14631
14545
14435
14334
14614
14371
14371
14345
14753
14720
14305
14536
14776
14263
14659
15347
14733
14262
14569
14366
14397
14480
14062
16349
14115
14320
14074
14345
14133
14237
14459
14540
14309
14389
14609
14324
14390
14399
14484
14237
14619
14950
14498
14745
14879
14559
14843
15180
14390
13918
13785
14198
14045
13671
14143
13634
13791
13704
13936
14055
13933
13831
13997
13815
13954
14221
13686
13706
13590
13841
13737
13601
14166
13569
13480
13599
13783
13779
13705
14057
14541
14398
14778
14396
14386
14558
14524
14827
14479
14523
15246
16180
16185
15943
16045
16150
16068
15962
16011
16081
15907
16201
16073
15989
16069
15986
16170
16122
15718
15758
16017
16015
15797
16147
15038
14681
15408
14516
14189
14143
14701
14565
15105
14510
14591
14504
14551
14852
14721
15104
14471
14698
14834
14681
14739
14899
14921
14715
14709
15025
14616
14788
15210
14692
15257
14784
15108
15553
15207
15493
15558
15747
15479
15597
15815
15831
15770
16036
15676
15614
15921
15829
15607
15849
15555
15699
15666
15426
16266
15741
15895
15696
15476
15274
15443
16126
15356
15584
57943
143418
137119
138072
136796
135618
136843
134308
135983
136181
135916
136721
135682
136132
135120
132595
134409
130572
133754
132937
133645
132937
132282
134157
134684
131830
134718
135674
135388
132830
40601
14409
14102
14098
14523
14675
14525
14496
15164
15100
15759
15199
14615
14873
15769
15230
15770
15183
14990
15796
15200
15774
15228
15702
15469
15029
16056
15423
15756
15966
15023
16024
15138
14919
15921
15159
15881
14905
14750
15794
15115
15063
14975
15080
14628
15086
15156
15091
14823
14919
14923
15018
15059
15101
14842
14967
14896
15210
14869
14853
15026
14900
14865
14991
14907
14864
14660
14599
14516
14290
14738
14626
14565
14645
14483
14246
14382
15453
14448
15885
14545
14670
14789
14985
14752
14564
14806
14815
14908
14566
14745
15488
15326
14941
14856
15221
14799
15236
15010
15190
15786
15084
15152
14736
14979
14800
14562
14881
17210
14310
14089
13935
14127
14292
14001
14220
13896
14288
13851
13554
13649
13469
13137
12996
12633
12941
13861
13193
12949
13133
13225
13633
13047
13408
13571
12965
13197
13322
13183
13054
13384
13248
13331
13519
13573
13492
13636
13370
13197
13185
13756
13236
13469
13444
13201
13296
13381
13773
13719
13386
13198
13071
13164
12935
13112
12848
12722
12784
13095
12698
13188
13105
12859
13034
12998
12992
12856
13022
12818
12932
13136
13016
12847
12962
12978
13105
13116
12937
13364
13064
13015
13125
12927
13301
13310
13442
13685
13590
13399
13858
13405
13393
13809
13531
13480
13197
13254
13639
13689
13352
13282
13165
13049
13225
12920
14700
13095
13074
13584
12951
12807
13124
13086
13092
12916
13163
13188
13298
13014
13392
13152
13364
13663
13506
13781
13668
14461
13947
13928
14198
13859
13505
13519
13451
13205
13303
14829
13443
13288
13510
13414
13395
13536
13670
13409
13550
13513
13839
13329
13860
13680
13917
17291
17061
17003
17301
13482
13159
13231
14002
13403
13105
13600
13281
12661
13047
12712
12901
12941
12848
13093
13035
13130
12926
14210
13309
13655
13246
13792
13216
13170
13125
13049
13322
13273
13051
13473
13084
13076
13960
13119
13111
13316
13311
13048
13116
13227
13397
13145
13089
12823
12881
12526
12840
12695
12676
12700
12413
12696
12817
12711
12869
12647
12629
12674
12725
13366
12555
12981
12809
12797
12922
12900
12905
12850
12623
13145
12871
12705
12865
12812
13584
13083
12917
12924
12862
13470
13369
13425
13587
13741
13474
13197
13221
12968
12748
12872
12971
13074
13094
13075
13430
12892
13050
13216
13223
13386
13178
13546
13666
13382
13903
13375
13639
13563
13637
13696
13455
13703
13800
13299
13547
15360
14184
13683
13851
13533
13407
15909
13827
13644
13538
13856
13817
13838
14136
13955
14410
13192
13791
13800
13504
13816
13263
14571
14674
13899
13616
13154
13156
13146
12884
13214
12937
12835
13279
13312
13496
12992
13056
12789
12858
