9 0.3416797172102245 8 16060 16244.714285714286 21424.325061474927 0.9942892723714641 0
10 0.3416797172102245 8 16024 16058.857142857143 21795.20366901804 1.0137739818843163 0
11 0.3416797172102245 8 16913 17057.428571428572 21545.842910147967 0.9494978503433538 0
12 0.3416797172102245 8 16883 17013.428571428572 22885.605942047892 1.0103316099880693 0
13 0.3416797172102245 8 16217 16164.285714285714 22826.572034490644 1.0491107215532203 0
14 0.3416797172102245 8 16220 16211.714285714286 21687.29428604813 0.9965650871939404 0
15 0.3416797172102245 8 15028 14890.285714285714 21750.9282383501 1.078767253507738 0
16 0.3416797172102245 8 14923 14760.57142857143 19977.994326322303 0.997807794296436 0
17 0.3416797172102245 8 15573 15508.57142857143 19803.959300147035 0.9478309528396217 0
18 0.3416797172102245 8 16018 15890.142857142857 20807.535728620285 0.9681964932308297 0
19 0.3416797172102245 8 14275 13902.42857142857 21319.4823750015 1.113144858643983 0
20 0.3416797172102245 8 14176 13884.42857142857 18652.606434249632 0.9807017897452435 0
21 0.3416797172102245 8 14392 14130.857142857143 18628.45619933985 0.964732391010879 0
22 0.3416797172102245 8 14142 14015.42857142857 18959.084415366655 0.9992120734589975 0
23 0.3416797172102245 8 13646 13463.57142857143 18804.216242294387 1.0270722974812085 0
24 0.3416797172102245 8 14232 14040.42857142857 18063.800706925376 0.9460069862683691 0
25 0.3416797172102245 8 14448 14223.714285714286 18837.758235224643 0.9717904603701946 0
26 0.3416797172102245 8 14564 14605.285714285714 19083.668960536175 0.9766351473300114 0
27 0.3416797172102245 8 14714 14790.857142857143 19595.61560691739 0.9926115070195537 0
28 0.3416797172102245 8 14874 14942.857142857143 19844.5930287254 0.9944101884400393 0
29 0.3416797172102245 8 14574 14635.714285714286 20048.528345741357 1.025309259150346 0
30 0.3416797172102245 8 14560 14690.57142857143 19636.441004026787 1.0052001569858713 0
31 0.3416797172102245 8 14888 14981.714285714286 19710.04171994232 0.9867390803715361 0
32 0.3416797172102245 8 14808 14859.42857142857 20100.662186181526 1.0117311105965887 0
33 0.3416797172102245 8 14743 14768.57142857143 19936.593923619817 1.0078972102983497 0
34 0.3416797172102245 8 14634 14622.57142857143 19814.692737884718 1.0091958062437767 0
35 0.3416797172102245 8 14540 14492.285714285714 19618.807499172024 1.005678915307526 0
36 0.3416797172102245 8 14569 14568.285714285714 19444.005798872633 0.9947344165204004 0
37 0.3416797172102245 8 14512 14505.142857142857 19545.973457380613 1.0038785635533154 0
38 0.3416797172102245 8 14640 14604.57142857143 19461.255966665336 0.9907884465261514 0
39 0.3416797172102245 8 14738 14728.0 19594.65726426224 0.9909466297035846 0
40 0.3416797172102245 8 14574 14549.857142857143 19760.258875072188 1.010566762728146 0
41 0.3416797172102245 8 14452 14426.0 19521.24821687774 1.0067711834249338 0
42 0.3416797172102245 8 14879 14927.42857142857 19355.0716004747 0.9695544055380065 0
43 0.3416797172102245 8 14429 14409.0 20027.82814439011 1.0345435284100473 0
44 0.3416797172102245 8 14729 14760.0 19332.263045282125 0.9782741530314346 0
45 0.3416797172102245 8 14721 14732.57142857143 19803.192626022916 1.0026492765437132 0
46 0.3416797172102245 8 14697 14691.142857142857 19766.39226806515 1.0024203190155425 0
47 0.3416797172102245 8 14636 14644.857142857143 19710.80839406644 1.0037676180064812 0
48 0.3416797172102245 8 14182 14143.42857142857 19648.70779001271 1.032636944215001 0
49 0.3416797172102245 8 14269 14181.857142857143 18975.951246097295 0.9911997036532743 0
50 0.3416797172102245 8 14190 14155.857142857143 19027.510080944376 0.9994261552401087 0
51 0.3416797172102245 8 14312 14252.42857142857 18992.62640829691 0.9890900742633555 0
52 0.3416797172102245 8 14663 14654.714285714286 19122.19433527321 0.9719994933798384 0
53 0.3416797172102245 8 14171 14095.857142857143 19661.932918653783 1.0341340967972823 0
54 0.3416797172102245 8 14553 14541.142857142857 18912.125625264296 0.9685877236897645 0
55 0.3416797172102245 8 14618 14680.285714285714 19509.556436484905 0.994742294236069 0
56 0.3416797172102245 8 15544 15726.142857142857 19696.241585708158 0.9444342327770017 0
57 0.3416797172102245 8 14054 14034.57142857143 21099.446901379022 1.1189798532192157 0
58 0.3416797172102245 8 14390 14401.142857142857 18829.899825452412 0.9753003077534003 0
59 0.3416797172102245 8 14562 14547.57142857143 19321.721276075474 0.9889536366668629 0
60 0.3416797172102245 8 14538 14590.42857142857 19518.18152038126 1.0006583731305152 0
61 0.3416797172102245 8 14306 14270.714285714286 19575.682079690265 1.0198817678895966 0
62 0.3416797172102245 8 14325 14283.142857142857 19146.727907245055 0.9962104213413114 0
63 0.3416797172102245 8 14540 14396.57142857143 19163.403069444666 0.9823344468461387 0
64 0.3416797172102245 8 14285 14318.0 19315.587883082513 1.007810390519526 0
65 0.3416797172102245 8 16217 16478.0 19210.170191015997 0.8829006598014429 0
66 0.3416797172102245 8 18329 18867.14285714286 22108.198380190082 0.8990124938621856 0
67 0.3416797172102245 8 18757 19359.714285714286 25313.66289313634 1.0058720934660585 0
68 0.3416797172102245 8 18413 18999.714285714286 25974.53598812789 1.0514155371593052 0
69 0.3416797172102245 8 17531 17989.0 25491.53128993221 1.08377812365035 0
70 0.3416797172102245 8 14726 14752.57142857143 24135.47643289473 1.2215808773597718 0
71 0.3416797172102245 8 14353 14362.714285714286 19793.225862409356 1.027838878880473 0
72 0.3416797172102245 8 14657 14434.142857142857 19270.162441228396 0.9799218315967992 0
73 0.3416797172102245 8 15228 14785.0 19365.99670674341 0.9478685879395099 0
74 0.3416797172102245 8 14744 14170.714285714286 19836.73461895317 1.0027807921866523 0
75 0.3416797172102245 8 14497 13937.57142857143 19012.559935524034 0.9774928803003577 0
76 0.3416797172102245 8 14606 14188.142857142857 18699.756892883022 0.9542360282467088 0
77 0.3416797172102245 8 14897 14921.42857142857 19035.943496309697 0.952416114462164 0
78 0.3416797172102245 8 14606 14642.142857142857 20019.778066086852 1.0215958216779797 0
79 0.3416797172102245 8 15186 15261.57142857143 19645.06608792314 0.9641869390980414 0
80 0.3416797172102245 8 15021 14991.42857142857 20476.14083846936 1.0160156732954817 0
81 0.3416797172102245 8 14484 14446.857142857143 20113.695646291566 1.0350337318025802 0
82 0.3416797172102245 8 15558 15709.57142857143 19383.055206005087 0.9285806108019761 0
83 0.3416797172102245 8 14621 14623.142857142857 21077.21335177954 1.074452597535834 0
84 0.3416797172102245 8 14264 14173.57142857143 19619.574173296143 1.0251782709718773 0
85 0.3416797172102245 8 14781 14806.0 19016.393306144633 0.9589047715696792 0
86 0.3416797172102245 8 14509 14412.285714285714 19864.909893014585 1.020470053070508 0
87 0.3416797172102245 8 14694 14647.285714285714 19336.671421495816 0.9808279375449649 0
88 0.3416797172102245 8 14335 14313.714285714286 19651.96615504022 1.0217848422940854 0
89 0.3416797172102245 8 14633 14500.857142857143 19204.420135085096 0.9781804336577794 0
90 0.3416797172102245 8 14383 14349.0 19455.50591073444 1.0081941975149233 0
91 0.3416797172102245 8 14443 14468.57142857143 19251.762262249515 0.9934916568579935 0
92 0.3416797172102245 8 14678 14663.285714285714 19412.18882272165 0.9857318046444631 0
93 0.3416797172102245 8 14736 14768.42857142857 19673.43303051558 0.9950655343570652 0
94 0.3416797172102245 8 14206 14136.285714285714 19814.501069353686 1.039590917318638 0
95 0.3416797172102245 8 14059 14019.57142857143 18966.367819545794 1.0054972412181318 0
96 0.3416797172102245 8 14733 14747.285714285714 18809.77462969426 0.9515761507209278 0
97 0.3416797172102245 8 14407 14410.42857142857 19786.13412676124 1.0236194706938095 0
98 0.3416797172102245 8 14412 14407.57142857143 19334.179730592426 0.9998909638793069 0
99 0.3416797172102245 8 14457 14425.42857142857 19330.346359971827 0.9965809938833389 0
100 0.3416797172102245 8 14861 14878.857142857143 19354.304926350578 0.9706903015563266 0
101 0.3416797172102245 8 14500 14542.0 19962.6608438399 1.026128078817734 0
102 0.3416797172102245 8 14593 14669.285714285714 19510.706447671088 0.9965051737134243 0
103 0.3416797172102245 8 14578 14555.857142857143 19681.483108818844 1.0062618818963995 0
104 0.3416797172102245 8 14717 14761.285714285714 19529.298295181 0.9890505634882886 0
105 0.3416797172102245 8 14661 14696.57142857143 19804.917642802186 1.0068403051828465 0
106 0.3416797172102245 8 14908 14972.42857142857 19718.091798245583 0.9858177776074208 0
107 0.3416797172102245 8 14513 14463.285714285714 20088.203731664573 1.0316563475110985 0
108 0.3416797172102245 8 14586 14598.285714285714 19405.097087073536 0.9915868445280209 0
109 0.3416797172102245 8 14660 14669.57142857143 19586.22384889692 0.9957902942896121 0
110 0.3416797172102245 8 14485 14471.714285714286 19681.866445880907 1.0127422456728636 0
111 0.3416797172102245 8 14805 14817.57142857143 19416.40553040431 0.977488300284653 0
112 0.3416797172102245 8 14749 14761.57142857143 19880.435044028018 1.0046492256133588 0
113 0.3416797172102245 8 14483 14422.285714285714 19805.300979864245 1.0192343733046627 0
114 0.3416797172102245 8 14550 14555.285714285714 19350.08821866792 0.9912223858615611 0
115 0.3416797172102245 8 14487 14472.857142857143 19528.531621056878 1.004713585579189 0
116 0.3416797172102245 8 14623 14617.714285714286 19417.938878652552 0.989732417619992 0
117 0.3416797172102245 8 14408 14397.0 19612.290769117004 1.0145554057269772 0
118 0.3416797172102245 8 14488 14442.714285714286 19316.162888675604 0.9937189398122585 0
119 0.3416797172102245 8 14326 14265.57142857143 19377.496818605214 1.0081470253884048 0
120 0.3416797172102245 8 14729 14764.142857142857 19139.827840127975 0.9685363180508813 0
121 0.3416797172102245 8 14594 14600.285714285714 19808.751013422785 1.011658411480256 0
122 0.3416797172102245 8 14629 14649.285714285714 19588.90720833134 0.9980371668798765 0
123 0.3416797172102245 8 14526 14512.142857142857 19654.64951447464 1.0084872445467241 0
124 0.3416797172102245 8 14497 14509.714285714286 19470.64772468581 1.001044551089388 0
125 0.3416797172102245 8 14787 14829.714285714286 19467.3893596583 0.9812480074196447 0
126 0.3416797172102245 8 15208 15334.0 19896.72686916557 0.9751258736003607 0
127 0.3416797172102245 8 14640 14627.285714285714 20573.316783701583 1.0474043715846995 0
128 0.3416797172102245 8 15161 15242.0 19625.132560696016 0.9647968942870334 0
129 0.3416797172102245 8 14581 14574.142857142857 20449.882249718245 1.045332967560524 0
130 0.3416797172102245 8 14464 14455.142857142857 19553.831867152843 1.007614965233881 0
131 0.3416797172102245 8 14576 14587.285714285714 19394.171980804826 0.9917084836129841 0
132 0.3416797172102245 8 14279 14206.42857142857 19571.465372007606 1.0215901473692635 0
133 0.3416797172102245 8 14602 14515.42857142857 19060.47706828154 0.9729097775255835 0
134 0.3416797172102245 8 14350 14308.57142857143 19475.0561008995 1.0115281234444997 0
135 0.3416797172102245 8 14695 14628.42857142857 19197.520067968017 0.9737033976571234 0
136 0.3416797172102245 8 14428 14406.142857142857 19626.665908944255 1.0138916392728425 0
137 0.3416797172102245 8 14711 14746.285714285714 19328.429674661525 0.9792769259154956 0
138 0.3416797172102245 8 14390 14363.42857142857 19784.79244704403 1.024759257420828 0
139 0.3416797172102245 8 14658 14712.142857142857 19271.120783883543 0.9799037093347367 0
140 0.3416797172102245 8 14583 14580.285714285714 19738.983668127854 1.00885571262037 0
141 0.3416797172102245 8 14547 14575.142857142857 19562.073613987133 1.0022881497412328 0
142 0.3416797172102245 8 15138 15201.285714285714 19555.173546870054 0.9628182624615442 0
143 0.3416797172102245 8 14674 14709.142857142857 20395.256718374683 1.035933332035281 0
144 0.3416797172102245 8 14907 14935.0 19734.958628976223 0.9867272326519659 0
145 0.3416797172102245 8 14990 15075.714285714286 20037.986576534706 0.9963308872581721 0
146 0.3416797172102245 8 14728 14738.0 20226.780079599288 1.0236090633972221 0
147 0.3416797172102245 8 14945 14996.714285714286 19773.67567224429 0.9861492137838742 0
148 0.3416797172102245 8 14791 14825.857142857143 20120.787381939677 1.0139080715106676 0
149 0.3416797172102245 8 14644 14573.42857142857 19891.55181882776 1.01241854294299 0
150 0.3416797172102245 8 14718 14724.285714285714 19552.873524497692 0.990177236814008 0
151 0.3416797172102245 8 14589 14543.57142857143 19755.275493265406 1.0092731314199543 0
152 0.3416797172102245 8 15022 15026.57142857143 19512.814801512417 0.9681514730775815 0
153 0.3416797172102245 8 14608 14590.857142857143 20160.846104924956 1.0286535753403223 0
154 0.3416797172102245 8 14490 14425.0 19576.257085283356 1.0069604653455586 0
155 0.3416797172102245 8 14421 14368.142857142857 19353.72992075749 1.000277373275085 0
156 0.3416797172102245 8 14626 14623.42857142857 19277.445845407536 0.9823699478423942 0
157 0.3416797172102245 8 14736 14738.57142857143 19619.957510358203 0.9923607879633938 0
158 0.3416797172102245 8 14760 14784.42857142857 19774.44234636841 0.998548199767712 0
159 0.3416797172102245 8 14842 14816.285714285714 19835.967944829048 0.9961210464511906 0
160 0.3416797172102245 8 14944 14992.0 19878.710027248748 0.9914538085041297 0
161 0.3416797172102245 8 14888 14944.857142857143 20114.46232041569 1.0069854916711445 0
162 0.3416797172102245 8 15021 15106.714285714286 20051.211705175778 0.9949309062550524 0
163 0.3416797172102245 8 15023 15079.714285714286 20268.372150832805 1.0055724080219854 0
164 0.3416797172102245 8 15089 15139.42857142857 20232.14679846813 0.9993846037321417 0
165 0.3416797172102245 8 14705 14697.142857142857 20312.26424443868 1.0295429154320688 0
166 0.3416797172102245 8 14764 14752.857142857143 19718.858472369702 0.995471610481093 0
167 0.3416797172102245 8 15037 15050.285714285714 19793.609199471415 0.9811037535982672 0
168 0.3416797172102245 8 14778 14762.285714285714 20192.663081075938 1.018425072018251 0
169 0.3416797172102245 8 14972 14965.0 19806.259322519396 0.9859929010343116 0
170 0.3416797172102245 8 15036 15037.857142857143 20078.236968051013 0.9952779994679436 0
171 0.3416797172102245 8 14579 14506.142857142857 20175.98791887633 1.0314738420232625 0
172 0.3416797172102245 8 15811 15969.0 19462.597646382546 0.9174715613903521 0
173 0.3416797172102245 8 15021 15057.714285714286 21425.283404130078 1.0631116436988217 0
174 0.3416797172102245 8 14971 14961.57142857143 20202.6298446895 1.0057921505386604 0
175 0.3416797172102245 8 14242 14165.42857142857 20073.63692330629 1.0505246052921942 0
176 0.3416797172102245 8 14198 14087.42857142857 19005.468199875922 0.9977059143138872 0
177 0.3416797172102245 8 14532 14460.0 18900.817181933522 0.969407416145649 0
178 0.3416797172102245 8 14498 14486.42857142857 19400.68871085985 0.997378948820527 0
179 0.3416797172102245 8 14405 14204.142857142857 19436.147389100403 1.005652799127287 0
180 0.3416797172102245 8 14398 14309.0 19057.41037178506 0.9865358283888636 0
181 0.3416797172102245 8 14458 14384.714285714286 19198.095073561104 0.9896942868999862 0
182 0.3416797172102245 8 14343 14357.42857142857 19299.67939500702 1.002908337566359 0
183 0.3416797172102245 8 14391 14418.57142857143 19263.070705580285 0.997667192789144 0
184 0.3416797172102245 8 14688 14710.285714285714 19345.10483686114 0.9816565515094927 0
185 0.3416797172102245 8 14588 14600.857142857143 19736.491977224465 1.0083826236828703 0
186 0.3416797172102245 8 14507 14521.57142857143 19589.67388245546 1.0064697830603946 0
187 0.3416797172102245 8 14733 14780.857142857143 19483.297847733793 0.9856493197971512 0
188 0.3416797172102245 8 14640 14666.0 19831.1762315533 1.0096213895394224 0
189 0.3416797172102245 8 14788 14851.57142857143 19677.074732605153 0.9917500676223966 0
190 0.3416797172102245 8 14973 15056.142857142857 19926.052154413166 0.9918901642003225 0
191 0.3416797172102245 8 14240 14176.0 20200.521490848172 1.0573134028892455 0
192 0.3416797172102245 8 14637 14644.0 19019.651671172145 0.968504474960716 0
193 0.3416797172102245 8 14790 14830.42857142857 19647.55777882653 0.9901284651791751 0
194 0.3416797172102245 8 14705 14701.0 19897.68521182072 1.008529654636421 0
195 0.3416797172102245 8 14588 14580.57142857143 19724.033522707512 1.0077460926789141 0
196 0.3416797172102245 8 14709 14697.714285714286 19562.456951049197 0.9912687081767237 0
197 0.3416797172102245 8 14795 14769.57142857143 19719.62514649382 0.9934244194467243 0
198 0.3416797172102245 8 14505 14542.857142857143 19816.034417601928 1.018240015758113 0
199 0.3416797172102245 8 14315 14269.0 19511.856458857266 1.0159173693927448 0
200 0.3416797172102245 8 14342 14278.0 19144.427884872694 0.9949100543857202 0
201 0.3416797172102245 8 14375 14327.857142857143 19156.503002327587 0.9932521739130434 0
202 0.3416797172102245 8 14424 14400.57142857143 19223.39531965707 0.9933345218286982 0
203 0.3416797172102245 8 14676 14671.285714285714 19320.954601951355 0.9812327220340303 0
204 0.3416797172102245 8 14574 14542.42857142857 19684.166468253265 1.0066752925954243 0
205 0.3416797172102245 8 14954 15018.142857142857 19511.281453264175 0.9724775024360419 0
206 0.3416797172102245 8 14318 14318.42857142857 20149.537661594182 1.0488994871590207 0
207 0.3416797172102245 8 14692 14742.0 19210.745196609085 0.9745731399012095 0
208 0.3416797172102245 8 14284 14271.0 19779.042391113133 1.0320638476617194 0
209 0.3416797172102245 8 16896 17249.14285714286 19147.111244307114 0.8446377840909091 0
210 0.3416797172102245 8 24395 25783.428571428572 23142.825110690195 0.7070769771323164 0
211 0.3416797172102245 8 19056 19696.285714285714 34593.103154424316 1.353034664747511 0
212 0.3416797172102245 8 14575 14520.857142857143 26426.107047234644 1.3513746630727763 0
213 0.3416797172102245 8 14724 14782.0 19482.339505078642 0.986203283269298 0
214 0.3416797172102245 8 14183 14110.285714285714 19832.70957980154 1.0422336600155115 0
215 0.3416797172102245 8 14463 14488.57142857143 18931.48414689833 0.9756126470501081 0
216 0.3416797172102245 8 15271 15038.857142857143 19439.022417065855 0.9487637632487348 0
217 0.3416797172102245 8 14547 13140.142857142857 20177.329598593537 1.0338115860904065 0
218 0.3416797172102245 8 14506 13856.0 17629.86315267338 0.9058419176301432 0
219 0.3416797172102245 8 14510 14500.714285714286 18590.31416166487 0.9549276361130254 0
220 0.3416797172102245 8 14377 14327.42857142857 19455.314242203407 1.0086050139607905 0
221 0.3416797172102245 8 14306 14323.57142857143 19222.820314063978 1.001497873020311 0
222 0.3416797172102245 8 14140 14093.857142857143 19217.64526372617 1.0129824206910487 0
223 0.3416797172102245 8 14352 14220.714285714286 18909.442265829875 0.9820134575569358 0
224 0.3416797172102245 8 14156 14100.142857142857 19079.643921384544 1.0045715093044847 0
225 0.3416797172102245 8 13999 13926.57142857143 18917.875681195197 1.007225005867766 0
226 0.3416797172102245 8 14426 14414.0 18684.99841599371 0.9653799687072945 0
227 0.3416797172102245 8 14322 14314.142857142857 19338.971443868177 1.0064236838430387 0
228 0.3416797172102245 8 14119 14092.285714285714 19204.995140678184 1.0138212945068954 0
229 0.3416797172102245 8 14086 14078.285714285714 18907.333911988546 1.000446238413014 0
230 0.3416797172102245 8 14468 14484.57142857143 18888.5503959476 0.9730637070974367 0
231 0.3416797172102245 8 14106 14098.857142857143 19433.655698197013 1.0268376172246867 0
232 0.3416797172102245 8 14480 14548.714285714286 18916.150664415927 0.9736779794790845 0
233 0.3416797172102245 8 14643 14674.0 19519.714868629497 0.9935610384288934 0
234 0.3416797172102245 8 14862 14939.142857142857 19687.808170342836 0.9873502893284888 0
235 0.3416797172102245 8 14647 14722.42857142857 20043.544963934575 1.019945576373514 0
236 0.3416797172102245 8 14403 14448.285714285714 19752.783802362017 1.022177919282689 0
237 0.3416797172102245 8 14387 14375.42857142857 19384.971891315385 1.0042597980319534 0
238 0.3416797172102245 8 14627 14701.42857142857 19287.220940490068 0.9828008868140131 0
239 0.3416797172102245 8 14442 14436.57142857143 19724.6085283006 1.017963479533899 0
240 0.3416797172102245 8 14414 14381.285714285714 19369.255071770924 1.001565937877857 0
241 0.3416797172102245 8 14385 14316.857142857143 19295.0793502623 0.9997417945280301 0
242 0.3416797172102245 8 14767 14784.142857142857 19208.636842767755 0.9695169731737755 0
243 0.3416797172102245 8 14571 14595.0 19835.584607766992 1.0146278812121925 0
244 0.3416797172102245 8 14578 14605.285714285714 19581.81547268323 1.0011661407600494 0
245 0.3416797172102245 8 15090 15156.142857142857 19595.61560691739 0.9678784436239705 0
246 0.3416797172102245 8 15212 15322.0 20334.689462569193 0.9963280868487284 0
247 0.3416797172102245 8 15460 15609.42857142857 20557.216627095062 0.9910737386804657 0
248 0.3416797172102245 8 14589 14618.142857142857 20942.853711527485 1.0699450662436474 0
249 0.3416797172102245 8 15210 15273.285714285714 19612.86577471009 0.9610876303183995 0
250 0.3416797172102245 8 15074 15145.857142857143 20491.85765801382 1.0132204931859967 0
251 0.3416797172102245 8 15183 15269.42857142857 20320.889328335033 0.9975536549336194 0
252 0.3416797172102245 8 14563 14487.714285714286 20486.682607676008 1.0485084509667355 0
253 0.3416797172102245 8 14707 14634.857142857143 19437.872405879676 0.9850897046110211 0
254 0.3416797172102245 8 14957 14885.142857142857 19635.290992840608 0.978462067450501 0
255 0.3416797172102245 8 14811 14842.714285714286 19971.094259205223 1.0050059318846032 0
256 0.3416797172102245 8 14585 14495.714285714286 19914.168705489305 1.0176698173269993 0
257 0.3416797172102245 8 14778 14735.714285714286 19448.605843617355 0.9808982464280881 0
258 0.3416797172102245 8 14453 14348.714285714286 19770.60897574781 1.0195609413764815 0
259 0.3416797172102245 8 14863 14905.857142857143 19251.378925187455 0.9653982564565893 0
260 0.3416797172102245 8 14489 14457.857142857143 19998.886196204578 1.0287705944411032 0
261 0.3416797172102245 8 15639 15736.42857142857 19397.813682894397 0.9244745279657998 0
262 0.3416797172102245 8 14412 14355.0 21113.247035613185 1.0918976249950438 0
263 0.3416797172102245 8 16173 16399.85714285714 19259.812340552773 0.887590428491931 0
264 0.3416797172102245 8 14796 14798.57142857143 22003.35569371665 1.1083980226315993 0
265 0.3416797172102245 8 15217 15326.142857142857 19854.943129401025 0.9725025582290484 0
266 0.3416797172102245 8 15542 15639.0 20562.77501449493 0.986111366435649 0
267 0.3416797172102245 8 15103 15190.714285714286 20982.529097450704 1.0354896378203007 0
268 0.3416797172102245 8 15556 15544.142857142857 20381.073247078464 0.9765180178525512 0
269 0.3416797172102245 8 14578 14601.714285714286 20855.26119284676 1.0662740332791094 0
270 0.3416797172102245 8 15135 14986.714285714286 19590.823893641642 0.9647647364198405 0
271 0.3416797172102245 8 14984 15010.857142857143 20107.370584767577 1.0001811456029288 0
272 0.3416797172102245 8 15198 15195.285714285714 20139.76256651165 0.9876863497076683 0
273 0.3416797172102245 8 14777 14667.714285714286 20387.20664007142 1.028306538152921 0
274 0.3416797172102245 8 14795 14751.0 19679.374754977514 0.9913967073818375 0
275 0.3416797172102245 8 14064 13850.857142857143 19791.117508568022 1.0488481228668942 0
276 0.3416797172102245 8 14254 14207.714285714286 18583.414094547792 0.9717172122111086 0
277 0.3416797172102245 8 14344 14231.0 19062.202085060813 0.9904987650386424 0
278 0.3416797172102245 8 14136 14014.857142857143 19093.444055618707 1.006720430107527 0
279 0.3416797172102245 8 14730 14663.142857142857 18803.44956817027 0.9514499078653865 0
280 0.3416797172102245 8 14098 14001.0 19673.241361984554 1.0400867397604523 0
281 0.3416797172102245 8 14023 13912.714285714286 18784.857720660355 0.9984311488269272 0
282 0.3416797172102245 8 14958 15085.714285714286 18666.406568483795 0.9301186178442497 0
283 0.3416797172102245 8 14866 14953.42857142857 20240.196876771388 1.0147796505929159 0
284 0.3416797172102245 8 14116 14083.42857142857 20062.711817037576 1.059324778367 0
285 0.3416797172102245 8 14473 14521.142857142857 18895.45046306468 0.9730828833986437 0
286 0.3416797172102245 8 14373 14322.0 19482.7228421407 1.0103070240828538 0
287 0.3416797172102245 8 14667 14748.285714285714 19215.536909884835 0.9764778073225608 0
288 0.3416797172102245 8 14811 14923.57142857143 19787.47580647845 0.9957656953808462 0
289 0.3416797172102245 8 14357 14271.142857142857 20022.653094052304 1.0394630792346193 0
290 0.3416797172102245 8 14150 14047.714285714286 19147.302912838146 1.0085613326602725 0
291 0.3416797172102245 8 14557 14620.0 18847.533330307175 0.9650143769811285 0
292 0.3416797172102245 8 14383 14370.142857142857 19615.357465613484 1.0164777862754641 0
293 0.3416797172102245 8 14567 14594.714285714286 19280.129204841956 0.9864860889093744 0
294 0.3416797172102245 8 14813 14833.857142857143 19581.43213562117 0.9852639091145808 0
295 0.3416797172102245 8 14156 14062.42857142857 19902.285256565443 1.0478847939288742 0
296 0.3416797172102245 8 14544 14570.714285714286 18867.275189003267 0.9668886531510293 0
297 0.3416797172102245 8 14336 14362.57142857143 19549.231822408125 1.016372369260204 0
298 0.3416797172102245 8 13758 13643.857142857143 19269.97077269737 1.0439432641787636 0
299 0.3416797172102245 8 14313 14303.0 18305.686393085274 0.9532492938487489 0
300 0.3416797172102245 8 14253 14208.142857142857 19190.044995257842 1.0035080333964779 0
301 0.3416797172102245 8 14981 15005.0 19062.7770906539 0.9484108442121926 0
302 0.3416797172102245 8 14969 15085.142857142857 20131.90415673942 1.0024049702718953 0
303 0.3416797172102245 8 14330 14299.42857142857 20239.43020264727 1.0526966404147144 0
304 0.3416797172102245 8 14667 14714.285714285714 19185.25328198209 0.9749388812591921 0
305 0.3416797172102245 8 14442 14539.714285714286 19741.858696093303 1.0188537400834867 0
306 0.3416797172102245 8 14962 15054.714285714286 19507.639751174607 0.9717761185479405 0
307 0.3416797172102245 8 14570 14615.285714285714 20198.60480553787 1.033267967447789 0
308 0.3416797172102245 8 14384 14298.714285714286 19609.032404089492 1.0160793739075162 0
309 0.3416797172102245 8 14607 14555.285714285714 19184.29493932694 0.9788946591164707 0
310 0.3416797172102245 8 14597 14635.142857142857 19528.531621056878 0.9971422699380499 0
311 0.3416797172102245 8 14443 14411.0 19635.674329902668 1.0133035281550133 0
312 0.3416797172102245 8 14505 14514.0 19334.946404716546 0.9935194760427439 0
313 0.3416797172102245 8 14276 14178.0 19473.1394155892 1.016671336508826 0
314 0.3416797172102245 8 14247 14200.857142857143 19022.335030606566 0.9951568751316067 0
315 0.3416797172102245 8 13948 13885.714285714286 19053.00199557137 1.018128559138023 0
316 0.3416797172102245 8 14519 14506.42857142857 18630.18121611912 0.9563822774098965 0
317 0.3416797172102245 8 14321 14281.57142857143 19462.980983444606 1.0129480183945654 0
318 0.3416797172102245 8 14495 14502.42857142857 19161.29471560334 0.985275710836249 0
319 0.3416797172102245 8 14286 14254.714285714286 19457.614264575765 1.0151496970060598 0
320 0.3416797172102245 8 14205 14194.857142857143 19125.261031769693 1.0034997737215268 0
321 0.3416797172102245 8 14293 14299.57142857143 19044.95191726811 0.9931335019140238 0
322 0.3416797172102245 8 15065 15224.57142857143 19185.444950513123 0.9491915983120763 0
323 0.3416797172102245 8 15552 15699.57142857143 20426.49868893258 0.9789462081128748 0
324 0.3416797172102245 8 15073 15180.42857142857 21063.796554607437 1.0415691254940245 0
325 0.3416797172102245 8 15515 15660.714285714286 20367.273112844297 0.9784356153031628 0
326 0.3416797172102245 8 15160 15284.857142857143 21011.66271416727 1.0330286468149266 0
327 0.3416797172102245 8 15060 15182.142857142857 20507.382809027255 1.0149307531777652 0
328 0.3416797172102245 8 14963 15058.714285714286 20369.57313521666 1.014645649745563 0
329 0.3416797172102245 8 15485 15545.0 20203.971524406712 0.9724710549379584 0
330 0.3416797172102245 8 15496 15488.0 20856.411204032942 1.0031621063500258 0
331 0.3416797172102245 8 15491 15550.714285714286 20779.93546015196 0.9998063391646763 0
332 0.3416797172102245 8 15437 15425.857142857143 20864.077945274144 1.0073663461627445 0
333 0.3416797172102245 8 15062 15048.0 20696.559649153896 1.0241572927139253 0
334 0.3416797172102245 8 15170 15185.714285714286 20189.59638457946 0.9919578114700066 0
335 0.3416797172102245 8 16082 16241.857142857143 20374.364848492412 0.9442677705331605 0
336 0.3416797172102245 8 15118 15065.57142857143 21791.37029839744 1.074339009317181 0
337 0.3416797172102245 8 15256 15221.714285714286 20213.171613896156 0.9875177915948761 0
338 0.3416797172102245 8 15036 14971.0 20422.665318311978 1.0123513092387793 0
339 0.3416797172102245 8 15171 15133.0 20086.28704635427 0.9868169533979303 0
340 0.3416797172102245 8 15424 15475.714285714286 20303.63916054233 0.9811332987551867 0
341 0.3416797172102245 8 15319 15340.285714285714 20763.451966483375 1.010230059776375 0
342 0.3416797172102245 8 15199 15072.857142857143 20581.750199066904 1.009295724342767 0
343 0.3416797172102245 8 15216 15230.0 20222.946708978685 0.990592609283461 0
344 0.3416797172102245 8 15194 15185.142857142857 20433.78209311172 1.002369356324865 0
345 0.3416797172102245 8 15371 15418.857142857143 20373.59817436829 0.9879085848118442 0
346 0.3416797172102245 8 15125 15118.42857142857 20687.167891133424 1.0194285714285714 0
347 0.3416797172102245 8 15168 15131.42857142857 20284.088970377266 0.9967318414707654 0
348 0.3416797172102245 8 15288 15283.57142857143 20301.530806700997 0.9897585407789489 0
349 0.3416797172102245 8 15675 15743.0 20505.657792247985 0.9750284802916382 0
350 0.3416797172102245 8 16812 17040.0 21122.063788040567 0.9364144658577207 0
351 0.3416797172102245 8 16286 16442.0 22862.22238126223 1.0462974333783617 0
352 0.3416797172102245 8 15831 15896.714285714286 22059.897910370513 1.038595161392205 0
353 0.3416797172102245 8 15913 16025.57142857143 21328.29912742888 0.9989765780000179 0
354 0.3416797172102245 8 15535 15587.42857142857 21501.18414241797 1.0315784633776266 0
355 0.3416797172102245 8 15744 15809.142857142857 20913.33675774886 0.9900551684088269 0
356 0.3416797172102245 8 15612 15603.0 21210.80631790747 1.0126276490611616 0
357 0.3416797172102245 8 15553 15373.142857142857 20934.228627631135 1.0032148138622774 0
358 0.3416797172102245 8 15920 15867.714285714286 20625.833961203814 0.9656496769562096 0
359 0.3416797172102245 8 16660 16778.428571428572 21289.390415629783 0.9524438346767279 0
360 0.3416797172102245 8 19010 19452.428571428572 22511.27730094624 0.8826106560456903 0
361 0.3416797172102245 8 18684 19133.85714285714 26098.92886476638 1.041127626387742 0
362 0.3416797172102245 8 19356 19872.0 25671.508040569406 0.98852330764916 0
363 0.3416797172102245 8 19014 19500.0 26661.859340401585 1.0451246449984222 0
364 0.3416797172102245 8 15276 15236.42857142857 26162.75448559938 1.2765121759622937 0
365 0.3416797172102245 8 15445 15377.142857142857 20442.40717700807 0.9864958608888683 0
366 0.3416797172102245 8 15726 15592.57142857143 20631.200680072652 0.9778165367635036 0
367 0.3416797172102245 8 16093 15676.285714285714 20920.236824865944 0.9689039600181091 0
368 0.3416797172102245 8 15696 15269.142857142857 21032.55458404954 0.998743993010048 0
369 0.3416797172102245 8 15436 14876.0 20486.29927061395 0.9891903898123126 0
370 0.3416797172102245 8 15447 14937.42857142857 19958.827473219302 0.9630348935068298 0
371 0.3416797172102245 8 15351 15361.714285714286 20041.244941562214 0.9730589910382758 0
372 0.3416797172102245 8 15739 15781.0 20610.50047872141 0.9760286095504344 0
373 0.3416797172102245 8 15454 15415.142857142857 21173.047617294553 1.0211595703377767 0
374 0.3416797172102245 8 15726 15673.57142857143 20682.184509326642 0.980232917279846 0
375 0.3416797172102245 8 15421 15381.714285714286 21028.912881959972 1.0163784079224065 0
376 0.3416797172102245 8 15523 15535.42857142857 20637.334073065616 0.9908982983775227 0
377 0.3416797172102245 8 15699 15735.0 20843.56941245393 0.989580774025643 0
378 0.3416797172102245 8 15695 15744.142857142857 21111.330350302884 1.0025485823510671 0
379 0.3416797172102245 8 15514 15481.857142857143 21123.597136288805 1.0148345273393617 0
380 0.3416797172102245 8 15360 15346.57142857143 20771.69371331767 1.0079334077380953 0
381 0.3416797172102245 8 17472 17721.428571428572 20590.18361443223 0.8783523024594454 0
382 0.3416797172102245 8 15444 15447.285714285714 23776.48127427548 1.1474636474636475 0
383 0.3416797172102245 8 15375 15353.857142857143 20725.309928808398 1.0047015098722416 0
384 0.3416797172102245 8 15858 15880.714285714286 20599.958709514758 0.9682089256436589 0
385 0.3416797172102245 8 15606 15593.285714285714 21306.832251953518 1.0176031196792443 0
386 0.3416797172102245 8 15558 15564.285714285714 20921.19516752109 1.002268010945219 0
387 0.3416797172102245 8 14762 14676.57142857143 20882.286455721995 1.0543480364642808 0
388 0.3416797172102245 8 14854 14480.0 19691.258203901376 0.9880551655157822 0
389 0.3416797172102245 8 14466 14326.285714285714 19427.522305204053 1.0009677865339417 0
390 0.3416797172102245 8 14439 14305.285714285714 19221.286965815736 0.9921937609450595 0
391 0.3416797172102245 8 14592 14411.142857142857 19193.111691754322 0.9803512687969924 0
392 0.3416797172102245 8 14172 13967.142857142857 19335.138073247577 1.0168743195838876 0
393 0.3416797172102245 8 14398 14232.285714285714 18739.432278806238 0.9700752088583732 0
394 0.3416797172102245 8 14349 14290.0 19095.169072397977 0.9918660334717202 0
395 0.3416797172102245 8 14562 14520.285714285714 19172.60315893411 0.9813212470814449 0
396 0.3416797172102245 8 14424 14418.0 19481.57283095452 1.0066753822993424 0
397 0.3416797172102245 8 14648 14677.857142857143 19344.338162737018 0.9842981977061714 0
398 0.3416797172102245 8 14658 14667.42857142857 19692.983220680646 1.0013546966064364 0
399 0.3416797172102245 8 14395 14426.857142857143 19678.991417915455 1.0189252220513074 0
400 0.3416797172102245 8 14766 14818.57142857143 19356.22161166088 0.977032178169927 0
401 0.3416797172102245 8 14499 14520.42857142857 19881.776723745228 1.0220409289310592 0
402 0.3416797172102245 8 14564 14564.285714285714 19481.76449948555 0.997008278730333 0
403 0.3416797172102245 8 14778 14828.57142857143 19540.60673851177 0.9855383485103338 0
404 0.3416797172102245 8 14879 14912.0 19895.19352091733 0.9966107553310994 0
405 0.3416797172102245 8 14712 14719.714285714286 20007.127943038868 1.013594344752583 0
406 0.3416797172102245 8 14642 14677.285714285714 19749.142100272446 1.0053076277635764 0
407 0.3416797172102245 8 14828 14836.857142857143 19692.216546556527 0.9898358318239624 0
408 0.3416797172102245 8 14589 14601.857142857143 19906.310295717074 1.0169893168042459 0
409 0.3416797172102245 8 14679 14695.42857142857 19591.01556217267 0.9947446789874749 0
410 0.3416797172102245 8 14627 14605.42857142857 19716.55844999734 1.0046782369199816 0
411 0.3416797172102245 8 14667 14636.714285714286 19595.80727544842 0.9958020434600512 0
412 0.3416797172102245 8 15190 15258.285714285714 19637.782683743997 0.9635756606790182 0
413 0.3416797172102245 8 14936 14978.0 20471.732462255666 1.0215777794781544 0
414 0.3416797172102245 8 15251 15311.42857142857 20095.678804374744 0.9820995344567569 0
415 0.3416797172102245 8 14888 14930.714285714286 20543.03315579884 1.028440930375374 0
416 0.3416797172102245 8 14747 14756.714285714286 20032.236520603805 1.0124577395886816 0
417 0.3416797172102245 8 14794 14817.857142857143 19798.784249809225 0.9974796732265977 0
418 0.3416797172102245 8 15320 15413.285714285714 19880.818381090077 0.9672230511003357 0
419 0.3416797172102245 8 15581 15636.857142857143 20679.692818423253 0.9892359742176827 0
420 0.3416797172102245 8 15193 15229.714285714286 20979.654069485252 1.02921458190332 0
421 0.3416797172102245 8 15001 14965.285714285714 20433.39875604966 1.0152466026074451 0
422 0.3416797172102245 8 15724 15843.42857142857 20078.620305113072 0.9517480103208925 0
423 0.3416797172102245 8 15118 15171.0 21256.80676535468 1.0479844272674013 0
424 0.3416797172102245 8 15200 15258.0 20354.622989796317 0.998092105263158 0
425 0.3416797172102245 8 15396 15406.857142857143 20471.349125193607 0.9910366328916602 0
426 0.3416797172102245 8 15484 15470.142857142857 20671.0677345269 0.9950178986603683 0
427 0.3416797172102245 8 15118 15107.285714285714 20755.976893773204 1.0232929525825412 0
428 0.3416797172102245 8 15435 15497.0 20269.13882495692 0.9787681058818085 0
429 0.3416797172102245 8 15347 15293.142857142857 20792.010577606852 1.0097738971786017 0
430 0.3416797172102245 8 15008 14992.285714285714 20518.499583826993 1.0189993908010966 0
431 0.3416797172102245 8 16856 17092.571428571428 20114.84565747775 0.889433181910638 0
432 0.3416797172102245 8 15357 15351.42857142857 22932.75640068128 1.1130150047907421 0
433 0.3416797172102245 8 15542 15550.285714285714 20596.700344487246 0.9877382943912347 0
434 0.3416797172102245 8 15572 15636.857142857143 20863.502939681053 0.9986055557594217 0
435 0.3416797172102245 8 15007 14945.857142857143 20979.654069485252 1.0419708897752478 0
436 0.3416797172102245 8 15015 14967.57142857143 20052.553384892988 0.9953950811093668 0
437 0.3416797172102245 8 14945 14936.0 20081.687001609553 1.0015102996702194 0
438 0.3416797172102245 8 15707 15542.857142857143 20039.328256251916 0.9509136053988667 0
439 0.3416797172102245 8 15411 15418.714285714286 20853.536176067493 1.008556040675955 0
440 0.3416797172102245 8 15373 15348.857142857143 20686.976222602392 1.0029736736950683 0
441 0.3416797172102245 8 15841 15879.42857142857 20593.250310928706 0.9689323365227664 0
442 0.3416797172102245 8 22336 23383.0 21305.107235174244 0.7109343020875972 0
443 0.3416797172102245 8 22648 23738.428571428572 31372.496827526684 1.032453196750265 0
444 0.3416797172102245 8 22698 23805.571428571428 31849.368132729403 1.0458378963533603 0
445 0.3416797172102245 8 21486 22311.571428571428 31939.452342313514 1.1079573409928059 0
446 0.3416797172102245 8 21172 21995.0 29934.98284480144 1.0538244581792664 0
447 0.3416797172102245 8 15626 15662.142857142857 29510.24538003889 1.4075899142454882 0
448 0.3416797172102245 8 58637 15662.142857142857 21013.579399477567 0.26710341349562317 1
449 0.3416797172102245 8 143653 15662.142857142857 21013.579399477567 0.1090276072002872 1
450 0.3416797172102245 8 137458 15662.142857142857 21013.579399477567 0.11394129739369739 1
451 0.3416797172102245 8 138112 15662.142857142857 21013.579399477567 0.11340175261485502 1
452 0.3416797172102245 8 137111 15662.142857142857 21013.579399477567 0.11422965959801079 1
453 0.3416797172102245 8 135867 15662.142857142857 21013.579399477567 0.11527554783091447 1
454 0.3416797172102245 8 136494 15662.142857142857 21013.579399477567 0.11474601709337302 1
455 0.3416797172102245 8 134730 15662.142857142857 21013.579399477567 0.11624836975538379 1
456 0.3416797172102245 8 135893 15662.142857142857 21013.579399477567 0.11525349250618395 1
457 0.3416797172102245 8 136823 15662.142857142857 21013.579399477567 0.11447010266653163 1
458 0.3416797172102245 8 136246 15662.142857142857 21013.579399477567 0.11495488203061269 1
459 0.3416797172102245 8 135785 15662.142857142857 21013.579399477567 0.11534516225756053 1
460 0.3416797172102245 8 136750 15662.142857142857 21013.579399477567 0.11453120919300078 1
461 0.3416797172102245 8 136653 15662.142857142857 21013.579399477567 0.11461250654682192 1
462 0.3416797172102245 8 134728 15662.142857142857 21013.579399477567 0.11625009543036977 1
463 0.3416797172102245 8 133806 15662.142857142857 21013.579399477567 0.11705112518977367 1
464 0.3416797172102245 8 134351 15662.142857142857 21013.579399477567 0.11657630279746974 1
465 0.3416797172102245 8 131750 15662.142857142857 21013.579399477567 0.11887774464624559 1
466 0.3416797172102245 8 135196 15662.142857142857 21013.579399477567 0.11584767934807877 1
467 0.3416797172102245 8 134202 15662.142857142857 21013.579399477567 0.11670573357433464 1
468 0.3416797172102245 8 135068 15662.142857142857 21013.579399477567 0.11595746481137544 1
469 0.3416797172102245 8 133140 15662.142857142857 21013.579399477567 0.11763664456318805 1
470 0.3416797172102245 8 132033 15662.142857142857 21013.579399477567 0.11862294166718061 1
471 0.3416797172102245 8 135197 15662.142857142857 21013.579399477567 0.1158468224675315 1
472 0.3416797172102245 8 136290 15662.142857142857 21013.579399477567 0.11491776988145026 1
473 0.3416797172102245 8 133529 15662.142857142857 21013.579399477567 0.1172939425678531 1
474 0.3416797172102245 8 135882 15662.142857142857 21013.579399477567 0.11526282257504936 1
475 0.3416797172102245 8 136086 15662.142857142857 21013.579399477567 0.11509003760227252 1
476 0.3416797172102245 8 136182 15662.142857142857 21013.579399477567 0.11500890614870436 1
477 0.3416797172102245 8 133910 15662.142857142857 21013.579399477567 0.11696021848362972 1
478 0.3416797172102245 8 41408 15662.142857142857 21013.579399477567 0.3782395396334732 1
479 0.3416797172102245 8 15261 15662.142857142857 21013.579399477567 1.0262854896234097 0
480 0.3416797172102245 8 15139 14110.857142857143 21013.579399477567 1.0345559718041388 0
481 0.3416797172102245 8 15067 13984.0 18932.25082102245 0.9365405948667381 0
482 0.3416797172102245 8 15345 14294.57142857143 18762.049165467783 0.911306614532421 0
483 0.3416797172102245 8 15038 14116.857142857143 19178.73655192707 0.9505633347899607 0
484 0.3416797172102245 8 15060 14186.857142857143 18940.30089932571 0.9373743122747107 0
485 0.3416797172102245 8 15168 15102.57142857143 19034.218479530427 0.9353149487643159 0
486 0.3416797172102245 8 15452 15479.285714285714 20262.813763432932 0.9773861913390778 0
487 0.3416797172102245 8 15506 15558.42857142857 20768.243679759125 0.9982771645998784 0
488 0.3416797172102245 8 15384 15429.285714285714 20874.428045949764 1.011338310675284 0
489 0.3416797172102245 8 15452 15467.285714285714 20701.159693898615 0.9985300099848378 0
490 0.3416797172102245 8 15295 15331.714285714286 20752.143523152605 1.0112641853079904 0
491 0.3416797172102245 8 14997 14988.0 20570.250087205106 1.0223187494641786 0
492 0.3416797172102245 8 14886 14845.714285714286 20109.095601546847 1.0068520757758967 0
493 0.3416797172102245 8 15092 15040.57142857143 19918.193744640936 0.9836810419900799 0
494 0.3416797172102245 8 15172 15124.285714285714 20179.629620965898 0.9913374260856466 0
495 0.3416797172102245 8 15169 15138.285714285714 20291.947380149497 0.9970522588361602 0
496 0.3416797172102245 8 15064 15008.57142857143 20310.73089619044 1.0049313405659661 0
497 0.3416797172102245 8 15063 15029.857142857143 20136.695870015174 0.9963866048311378 0
498 0.3416797172102245 8 14907 14894.142857142857 20165.254481138647 1.0082415739489599 0
499 0.3416797172102245 8 15018 15036.857142857143 19983.169376660117 0.9917527538382512 0
500 0.3416797172102245 8 14926 14902.285714285714 20174.64623915912 1.00742711663253 0
501 0.3416797172102245 8 15203 15207.42857142857 19994.094482928827 0.9802200693472153 0
502 0.3416797172102245 8 15425 15461.57142857143 20403.498465208973 0.9858948830747858 0
503 0.3416797172102245 8 14639 14578.285714285714 20744.476781911402 1.0561904111326887 0
504 0.3416797172102245 8 14630 14568.142857142857 19559.390254552713 0.9964651889463919 0
505 0.3416797172102245 8 14697 14667.0 19545.78178884958 0.9912324186665888 0
506 0.3416797172102245 8 14774 14739.142857142857 19678.416412322364 0.992757547042101 0
507 0.3416797172102245 8 15039 15055.142857142857 19775.20902049253 0.9800613642624414 0
508 0.3416797172102245 8 14663 14585.857142857143 20199.17981113096 1.0267436989117409 0
509 0.3416797172102245 8 15212 15181.57142857143 19569.548686697308 0.958838886593291 0
510 0.3416797172102245 8 15085 15148.714285714286 20368.80646109254 1.0064018182679104 0
511 0.3416797172102245 8 14909 14948.857142857143 20324.722698955633 1.0160784952521489 0
512 0.3416797172102245 8 14825 14843.285714285714 20056.57842404462 1.0083546133461816 0
513 0.3416797172102245 8 15176 15233.42857142857 19914.935379613424 0.9780762858648995 0
514 0.3416797172102245 8 14968 14957.857142857143 20438.38213785644 1.0177330686416737 0
515 0.3416797172102245 8 14742 14753.285714285714 20068.65354149951 1.0146423241661338 0
516 0.3416797172102245 8 15051 15028.0 19794.184205064503 0.9802196341961141 0
517 0.3416797172102245 8 15175 15187.857142857143 20162.762790235254 0.9903130148270182 0
518 0.3416797172102245 8 15162 15198.142857142857 20377.23987645786 1.0017053912977933 0
519 0.3416797172102245 8 15255 15316.42857142857 20391.040010692024 0.99627288476846 0
520 0.3416797172102245 8 15204 15208.0 20549.741554384887 1.0073946705754124 0
521 0.3416797172102245 8 15434 15500.57142857143 20404.265139333096 0.9853570040171051 0
522 0.3416797172102245 8 15387 15479.142857142857 20796.802290882602 1.0073809988023286 0
523 0.3416797172102245 8 15769 15871.57142857143 20768.052011228097 0.9816185463341275 0
524 0.3416797172102245 8 15773 15858.42857142857 21294.565465967597 1.0062493773265346 0
525 0.3416797172102245 8 15881 15983.714285714286 21276.93196111283 0.998578714906402 0
526 0.3416797172102245 8 15746 15816.142857142857 21445.02526282617 1.0150968046306545 0
527 0.3416797172102245 8 15606 15663.42857142857 21220.198075927943 1.0134655169257245 0
528 0.3416797172102245 8 15604 15628.285714285714 21015.304416256837 1.0038085472589446 0
529 0.3416797172102245 8 15997 16084.142857142857 20968.15395762345 0.9769510354620062 0
530 0.3416797172102245 8 15792 15795.285714285714 21579.76824014028 1.0184994210450138 0
531 0.3416797172102245 8 16252 16320.42857142857 21192.214470397557 0.9718979642066031 0
532 0.3416797172102245 8 16525 16617.0 21896.787990463956 0.9876204884374324 0
533 0.3416797172102245 8 16686 16820.285714285714 22294.691860882303 0.9958647968356706 0
534 0.3416797172102245 8 16648 16796.85714285714 22567.436180538036 1.010348733438594 0
535 0.3416797172102245 8 17034 17238.285714285714 22536.00254144911 0.9860782636407855 0
536 0.3416797172102245 8 16480 16549.0 23128.258302331913 1.046012482662968 0
537 0.3416797172102245 8 16957 17123.428571428572 22203.457640112007 0.9759391401780976 0
538 0.3416797172102245 8 16550 16592.571428571428 22974.15680338377 1.0346482520500648 0
539 0.3416797172102245 8 16788 16825.571428571428 22261.916542076164 0.9883590319616051 0
540 0.3416797172102245 8 16775 16787.714285714286 22574.527916186147 1.003014690227805 0
541 0.3416797172102245 8 17077 17138.285714285714 22523.735755463193 0.9830599218665038 0
542 0.3416797172102245 8 17182 17203.14285714286 22994.09033061089 0.9974558092355787 0
543 0.3416797172102245 8 16876 16932.571428571428 23081.107843698526 1.0193850946398944 0
544 0.3416797172102245 8 16482 16414.14285714286 22718.08764592764 1.0273371816873818 0
545 0.3416797172102245 8 16827 16866.571428571428 22022.52254681966 0.9754646019577381 0
546 0.3416797172102245 8 16294 16223.42857142857 22629.536784591768 1.035140016482842 0
547 0.3416797172102245 8 16605 16580.714285714286 21766.645057894562 0.977020690841829 0
548 0.3416797172102245 8 17034 17027.85714285714 22246.008054000675 0.9733893557422969 0
549 0.3416797172102245 8 17270 17282.571428571428 22845.930556124673 0.9859789891637024 0
550 0.3416797172102245 8 16923 16929.714285714286 23187.67554695122 1.0212474991769442 0
551 0.3416797172102245 8 17288 17403.14285714286 22714.254275307045 0.9792754677067496 0
552 0.3416797172102245 8 17215 17270.428571428572 23349.44378714057 1.0109290070951413 0
553 0.3416797172102245 8 18508 18824.285714285714 23171.383721813672 0.9331331624934391 0
554 0.3416797172102245 8 21196 21851.85714285714 25256.162333827328 0.8881055724799827 0
555 0.3416797172102245 8 20989 21554.0 29318.193511946796 1.041109969167523 0
556 0.3416797172102245 8 20876 21391.14285714286 28918.564624749182 1.0324774861084498 0
557 0.3416797172102245 8 21240 21856.714285714286 28700.062499374948 1.0071159537261234 0
558 0.3416797172102245 8 21089 21632.0 29324.71024200182 1.0364035414535675 0
559 0.3416797172102245 8 20568 21047.0 29023.21564269158 1.0517308440295605 0
560 0.3416797172102245 8 20779 21103.428571428572 28238.333008123598 1.0128976370373934 0
561 0.3416797172102245 8 20221 20081.714285714286 28314.042077880462 1.0436392152429936 0
562 0.3416797172102245 8 17787 17329.571428571428 26943.22874395367 1.1290107542426653 0
563 0.3416797172102245 8 17133 16598.285714285714 23250.7344936601 1.0114732637933477 0
564 0.3416797172102245 8 17246 16675.428571428572 22269.583283317366 0.9624426368019084 0
565 0.3416797172102245 8 17354 16820.428571428572 22373.084290073588 0.9608982696455326 0
566 0.3416797172102245 8 17282 16812.571428571428 22567.62784906907 0.9732917817051598 0
567 0.3416797172102245 8 17265 16763.0 22557.086079862416 0.9737950436473459 0
568 0.3416797172102245 8 17138 16697.571428571428 22490.577099594993 0.9781188003267592 0
569 0.3416797172102245 8 17039 16932.14285714286 22402.79291238324 0.9799619360626461 0
570 0.3416797172102245 8 17186 17193.571428571428 22717.512640334557 0.9852288407507773 0
571 0.3416797172102245 8 17296 17303.14285714286 23068.26605211951 0.99407790405709 0
572 0.3416797172102245 8 17230 17212.285714285714 23215.275815419547 1.0042450874720172 0
573 0.3416797172102245 8 17150 17131.14285714286 23093.374629684444 1.0036318200749688 0
574 0.3416797172102245 8 17255 17253.571428571428 22984.50690405939 0.9928219563687545 0
575 0.3416797172102245 8 17269 17287.714285714286 23148.766835152124 0.9991065741253939 0
576 0.3416797172102245 8 17552 17625.285714285714 23194.575614068304 0.9849427008725095 0
577 0.3416797172102245 8 17604 17663.714285714286 23647.48835289227 1.0012091407796928 0
578 0.3416797172102245 8 17577 17617.14285714286 23699.047187739347 1.004933395102366 0
579 0.3416797172102245 8 17436 17465.428571428572 23636.56324662356 1.010389014518402 0
580 0.3416797172102245 8 17329 17354.571428571428 23433.011266669666 1.0078728473327123 0
581 0.3416797172102245 8 17229 17225.285714285714 23284.276486590355 1.007288375911047 0
582 0.3416797172102245 8 17444 17469.0 23110.81646600818 0.9874619189569889 0
583 0.3416797172102245 8 17165 17109.714285714286 23437.802979945413 1.0177104573259539 0
584 0.3416797172102245 8 17411 17383.428571428572 22955.756624404883 0.9826956685839002 0
585 0.3416797172102245 8 17540 17534.714285714286 23322.993529858424 0.9910734647336701 0
586 0.3416797172102245 8 17681 17716.0 23525.97050421923 0.9917263891021032 0
587 0.3416797172102245 8 17187 17166.714285714286 23769.19787009634 1.030779077209519 0
588 0.3416797172102245 8 17258 17262.14285714286 23032.232368285866 0.9947105276228002 0
589 0.3416797172102245 8 17483 17488.571428571428 23160.26694701393 0.9873673200905371 0
590 0.3416797172102245 8 17157 17155.85714285714 23464.06156869653 1.0193257229452368 0
591 0.3416797172102245 8 17461 17468.14285714286 23017.66555992758 0.9825243195038739 0
592 0.3416797172102245 8 17574 17578.85714285714 23436.652968759237 0.9939764912451837 0
593 0.3416797172102245 8 17447 17413.571428571428 23585.196080307505 1.0075575825561496 0
594 0.3416797172102245 8 17080 17064.714285714286 23363.43558990576 1.0195299431247908 0
595 0.3416797172102245 8 17007 16971.14285714286 22895.381037130424 1.0033935606346966 0
596 0.3416797172102245 8 17477 17476.14285714286 22769.838149305753 0.9710558366506185 0
597 0.3416797172102245 8 17332 17357.0 23447.386406496917 1.0083165738023805 0
598 0.3416797172102245 8 17325 17305.571428571428 23287.534851617867 1.0018470418470418 0
599 0.3416797172102245 8 17514 17505.428571428572 23218.534180447055 0.9880993164651951 0
600 0.3416797172102245 8 17478 17482.428571428572 23486.678455358073 1.00156931979795 0
601 0.3416797172102245 8 17659 17741.714285714286 23455.81982186224 0.9900010516693228 0
602 0.3416797172102245 8 17371 17423.0 23803.698205681747 1.02134098703093 0
603 0.3416797172102245 8 17790 17834.714285714286 23376.085712953743 0.9793704328274312 0
604 0.3416797172102245 8 17558 17590.285714285714 23928.474419382295 1.015760011716271 0
605 0.3416797172102245 8 17789 17855.285714285714 23600.52956278991 0.9888293728869365 0
606 0.3416797172102245 8 17798 17838.571428571428 23956.07468785062 1.003218660202591 0
607 0.3416797172102245 8 17896 17955.714285714286 23933.649469720105 0.9967909828213806 0
608 0.3416797172102245 8 18204 18281.85714285714 24090.817665164734 0.9863609253853156 0
609 0.3416797172102245 8 17723 17773.285714285714 24528.396921506293 1.0315328749566746 0
610 0.3416797172102245 8 18194 18251.714285714286 23846.05695103938 0.9768762072268723 0
611 0.3416797172102245 8 18059 18130.571428571428 24487.95486145896 1.0106713708242032 0
612 0.3416797172102245 8 17844 17851.85714285714 24325.419947145492 1.0160598200275401 0
613 0.3416797172102245 8 17586 17555.714285714286 23951.4746431059 1.015117544800247 0
614 0.3416797172102245 8 17720 17694.85714285714 23554.145778280643 0.9907287971622057 0
615 0.3416797172102245 8 18056 18034.85714285714 23740.830927503892 0.9799987340970947 0
616 0.3416797172102245 8 17679 17672.714285714286 24197.00203135537 1.0201288049582635 0
617 0.3416797172102245 8 17388 17272.85714285714 23711.12230519424 1.0163741825232508 0
618 0.3416797172102245 8 17390 17294.428571428572 23174.642086841177 0.9932637804978229 0
619 0.3416797172102245 8 17689 17666.85714285714 23203.584035026717 0.9776939663875048 0
620 0.3416797172102245 8 16941 16848.85714285714 23703.263895422006 1.0428461804413636 0
621 0.3416797172102245 8 16373 16180.57142857143 22605.76988674404 1.0290635279336189 0
622 0.3416797172102245 8 16420 16186.285714285714 21709.144498585556 0.9854184792065426 0
623 0.3416797172102245 8 16789 16661.85714285714 21716.811239826755 0.9641006441292342 0
624 0.3416797172102245 8 16977 16918.285714285714 22354.87577962573 0.9814370703220322 0
625 0.3416797172102245 8 16948 16884.85714285714 22698.92079282464 0.9982467379210357 0
626 0.3416797172102245 8 16870 16753.0 22654.07035656361 1.0008806842238969 0
627 0.3416797172102245 8 16820 16802.714285714286 22477.160302422893 0.9960166468489893 0
628 0.3416797172102245 8 17129 17237.0 22543.860951221344 0.9809512689423951 0
629 0.3416797172102245 8 16802 16856.571428571428 23126.533285552643 1.0258897750267826 0
630 0.3416797172102245 8 16403 16347.857142857143 22616.119987419665 1.0276517361806639 0
631 0.3416797172102245 8 16386 16301.57142857143 21933.588348421723 0.9976722289062091 0
632 0.3416797172102245 8 16313 16222.285714285714 21871.487744367994 0.9992994193938227 0
633 0.3416797172102245 8 16585 16544.285714285714 21765.111709646324 0.9781299797579568 0
634 0.3416797172102245 8 16084 15978.857142857143 22197.132578588014 1.0286176146658614 0
635 0.3416797172102245 8 16468 16373.57142857143 21438.50853277115 0.9702973732606961 0
636 0.3416797172102245 8 16783 16780.285714285714 21968.08868400713 0.9756045658446898 0
637 0.3416797172102245 8 16442 16447.571428571428 22513.76899184963 1.020574486941109 0
638 0.3416797172102245 8 16800 16859.14285714286 22067.372983080684 0.9790221088435374 0
639 0.3416797172102245 8 16625 16669.571428571428 22619.570020978208 1.0140837808807734 0
640 0.3416797172102245 8 16526 16517.571428571428 22365.225880301354 1.0086876091353882 0
641 0.3416797172102245 8 16622 16698.85714285714 22161.290563285398 0.9937174484762019 0
642 0.3416797172102245 8 16758 16799.428571428572 22404.51792916251 0.9964707687586312 0
643 0.3416797172102245 8 16724 16715.571428571428 22539.452575007654 1.0045101992004648 0
644 0.3416797172102245 8 16670 16702.571428571428 22426.943147293023 1.0027337389664923 0
645 0.3416797172102245 8 17127 17173.714285714286 22409.50131096929 0.9752187440048711 0
646 0.3416797172102245 8 16252 16198.714285714286 23041.62412630634 1.0567138989487008 0
647 0.3416797172102245 8 16065 15999.142857142857 21733.48640202637 1.0083233293317326 0
648 0.3416797172102245 8 16564 16555.714285714286 21465.725464177413 0.9658985062269293 0
649 0.3416797172102245 8 16575 16548.85714285714 22212.46606107042 0.9988364576599871 0
650 0.3416797172102245 8 16825 16839.428571428572 22203.265971580975 0.9835873487582253 0
651 0.3416797172102245 8 16592 16580.85714285714 22593.119763696064 1.0149125223860036 0
652 0.3416797172102245 8 16666 16600.14285714286 22246.199722531703 0.9948912242203973 0
653 0.3416797172102245 8 16869 16957.14285714286 22272.07497422076 0.9840620580439183 0
654 0.3416797172102245 8 16878 16994.14285714286 22751.054633264812 1.0046891134697749 0
655 0.3416797172102245 8 16425 16405.14285714286 22800.696782801588 1.0346510110893674 0
656 0.3416797172102245 8 17183 17269.85714285714 22010.447429364765 0.9547310048968666 0
657 0.3416797172102245 8 17231 17289.0 23170.617047689546 1.0022550718389613 0
658 0.3416797172102245 8 17154 17234.285714285714 23196.300630847574 1.0078698845750262 0
659 0.3416797172102245 8 16644 16640.85714285714 23122.89158346307 1.0354653757681875 0
660 0.3416797172102245 8 16979 16994.714285714286 22326.700505564317 0.9800846423733519 0
661 0.3416797172102245 8 16717 16694.0 22801.463456925707 1.0166126868286347 0
662 0.3416797172102245 8 16370 16362.142857142857 22398.00119910749 1.0197923029932805 0
663 0.3416797172102245 8 16441 16335.0 21952.755201524724 0.9952036285592638 0
664 0.3416797172102245 8 16901 16853.85714285714 21916.33818062902 0.9665108573457192 0
665 0.3416797172102245 8 17075 17063.714285714286 22612.478285330093 0.9870487345743567 0
666 0.3416797172102245 8 16640 16639.428571428572 22894.039357413214 1.025463598901099 0
667 0.3416797172102245 8 16062 15931.0 22324.78382025402 1.0359499795435545 0
668 0.3416797172102245 8 16324 16267.857142857143 21374.299574876088 0.9759250183778486 0
669 0.3416797172102245 8 15794 15711.714285714286 21826.253971044905 1.0300023517067964 0
670 0.3416797172102245 8 16451 16452.428571428572 21080.08837974499 0.9550613510251222 0
671 0.3416797172102245 8 16365 16288.42857142857 22073.889713135708 1.0053424119418621 0
672 0.3416797172102245 8 15349 15102.42857142857 21853.854239513228 1.0612045456660741 0
673 0.3416797172102245 8 15682 15545.142857142857 20262.6220949019 0.9630422504418168 0
674 0.3416797172102245 8 15458 15371.714285714286 20856.60287256397 1.005637395338521 0
675 0.3416797172102245 8 17864 18084.0 20623.917275893513 0.8604855735397607 0
676 0.3416797172102245 8 16108 16152.857142857143 24262.9360060297 1.1226719642413707 0
677 0.3416797172102245 8 15550 15421.285714285714 21671.96080356573 1.038768948093707 0
678 0.3416797172102245 8 15866 15794.714285714286 20690.426256160932 0.9719706110100664 0
679 0.3416797172102245 8 15464 15480.42857142857 21191.447796273438 1.0213860764171163 0
680 0.3416797172102245 8 15033 14940.285714285714 20769.777028007367 1.029763092624797 0
681 0.3416797172102245 8 15732 15771.142857142857 20045.078312182814 0.9496749119174748 0
682 0.3416797172102245 8 15292 14924.57142857143 21159.82248865348 1.0313329098314712 0
683 0.3416797172102245 8 15574 15497.714285714286 20023.994773769515 0.958300464143536 0
684 0.3416797172102245 8 15535 15532.857142857143 20792.968920262003 0.9975998896500989 0
685 0.3416797172102245 8 15500 15447.714285714286 20840.11937889539 1.0021198156682027 0
686 0.3416797172102245 8 15442 15438.857142857143 20725.88493440149 1.000370048291302 0
687 0.3416797172102245 8 15436 15493.57142857143 20714.001485477627 1.0001850960648577 0
688 0.3416797172102245 8 15656 15645.142857142857 20787.41053286213 0.9896251551208118 0
689 0.3416797172102245 8 15627 15674.857142857143 20990.770844284994 1.001160994249879 0
690 0.3416797172102245 8 14962 14874.57142857143 21030.63789873924 1.0476445089464739 0
691 0.3416797172102245 8 15525 15523.57142857143 19956.910787909 0.9581044398435703 0
692 0.3416797172102245 8 15439 15430.285714285714 20827.660924378437 1.0054777789087006 0
693 0.3416797172102245 8 15583 15603.142857142857 20702.501373615825 0.9901999431615038 0
694 0.3416797172102245 8 15736 15778.857142857143 20934.420296162163 0.9915571210690681 0
695 0.3416797172102245 8 15729 15739.42857142857 21170.172589329104 1.0031697592254525 0
696 0.3416797172102245 8 16388 16496.714285714286 21117.272074764813 0.9604240036263467 0
697 0.3416797172102245 8 16119 16284.285714285714 22133.306957755016 1.023432860953799 0
698 0.3416797172102245 8 15701 15726.142857142857 21848.29585211336 1.0371495901080003 0
699 0.3416797172102245 8 16690 16868.714285714286 21099.446901379022 0.942249422237439 0
700 0.3416797172102245 8 15832 15867.57142857143 22632.41181255722 1.0654822060203566 0
701 0.3416797172102245 8 15633 15618.285714285714 21289.198747098755 1.0150048889254417 0
702 0.3416797172102245 8 15477 15441.0 20954.737160451346 1.0091287532652138 0
703 0.3416797172102245 8 15870 15796.0 20716.87651344308 0.9729678638941399 0
704 0.3416797172102245 8 15332 15219.57142857143 21193.172813052708 1.030263501174015 0
705 0.3416797172102245 8 15032 14936.42857142857 20419.79029034653 1.0124781418687752 0
706 0.3416797172102245 8 15053 14819.142857142857 20039.903261845004 0.9922559337958261 0
707 0.3416797172102245 8 15187 15094.857142857143 19882.543397869347 0.9757781561297726 0
708 0.3416797172102245 8 15090 15012.42857142857 20252.46366275731 1.0003218782542838 0
709 0.3416797172102245 8 15122 15071.285714285714 20141.87092035298 0.9927541708390802 0
710 0.3416797172102245 8 15146 15042.57142857143 20220.838355137355 0.9950670615532625 0
711 0.3416797172102245 8 15256 15245.142857142857 20182.31298040032 0.9860101880290659 0
712 0.3416797172102245 8 15001 14996.57142857143 20454.098957400904 1.0162751054691592 0
713 0.3416797172102245 8 15260 15289.57142857143 20120.59571340865 0.9827373151095301 0
714 0.3416797172102245 8 15071 15054.42857142857 20513.707870551247 1.0145027820696324 0
715 0.3416797172102245 8 14819 14780.285714285714 20198.22146847581 1.0158869405107342 0
716 0.3416797172102245 8 14863 14826.0 19830.40955742918 0.994434886246768 0
717 0.3416797172102245 8 14682 14615.714285714286 19891.74348735879 1.0098079280751941 0
718 0.3416797172102245 8 14795 14729.142857142857 19609.607409682583 0.9878820064693671 0
719 0.3416797172102245 8 15158 15180.42857142857 19761.792223320426 0.9717075377452736 0
720 0.3416797172102245 8 14726 14649.714285714286 20367.273112844297 1.0308589278438525 0
721 0.3416797172102245 8 14791 14751.0 19655.22452006773 0.9904478592194095 0
722 0.3416797172102245 8 14984 15007.57142857143 19791.117508568022 0.9844500800854245 0
723 0.3416797172102245 8 15003 15023.0 20135.354190297963 1.0003047009645691 0
724 0.3416797172102245 8 14727 14733.42857142857 20156.054391649206 1.0200991376383512 0
725 0.3416797172102245 8 15089 15131.0 19767.542279251327 0.9764350567584711 0
726 0.3416797172102245 8 15189 15193.42857142857 20300.95580110791 0.9961814470998749 0
727 0.3416797172102245 8 15508 15619.714285714286 20384.714949168032 0.9797155385238955 0
728 0.3416797172102245 8 15109 15154.42857142857 20956.653845761648 1.0338019912445753 0
729 0.3416797172102245 8 15067 15078.857142857143 20332.389440196832 1.0058026529122301 0
730 0.3416797172102245 8 14560 14496.714285714286 20230.996787281947 1.03563579277865 0
731 0.3416797172102245 8 14748 14751.0 19449.947523334566 0.9829613700647062 0
732 0.3416797172102245 8 14638 14573.57142857143 19791.117508568022 1.0077196338297583 0
733 0.3416797172102245 8 14559 14469.0 19553.065193028724 1.0010008536693062 0
734 0.3416797172102245 8 14945 14864.57142857143 19412.76382831474 0.9681498829039813 0
735 0.3416797172102245 8 18278 18730.714285714286 19943.4939907369 0.8132493395651291 0
736 0.3416797172102245 8 21121 21985.85714285714 25130.619446002656 0.8868289515512658 0
737 0.3416797172102245 8 20943 21854.85714285714 29497.978594052965 1.0497950218620609 0
738 0.3416797172102245 8 17300 17664.571428571428 29322.218551098427 1.2632865400495457 0
739 0.3416797172102245 8 15222 15305.42857142857 23700.197198925525 1.1604632392965069 0
740 0.3416797172102245 8 15475 15605.857142857143 20534.983077495577 0.9890422340180013 0
741 0.3416797172102245 8 19202 19810.14285714286 20938.061998251735 0.8127204011486899 0
742 0.3416797172102245 8 20574 20902.0 26578.86686646558 0.962872696468497 0
743 0.3416797172102245 8 20592 20516.428571428572 28043.789449128115 1.01505439005439 0
744 0.3416797172102245 8 16226 15552.142857142857 27526.47608387806 1.2644168970435457 0
745 0.3416797172102245 8 14813 14457.714285714286 20865.994630584442 1.0498982553934286 0
746 0.3416797172102245 8 15021 14992.285714285714 19397.62201436337 0.9625001188811855 0
747 0.3416797172102245 8 15396 15384.714285714286 20114.84565747775 0.9737779757265338 0
748 0.3416797172102245 8 15239 14672.857142857143 20641.359112217247 1.009561932260272 0
749 0.3416797172102245 8 15419 14682.57142857143 19686.274822094598 0.9516088684646957 0
750 0.3416797172102245 8 15064 14274.285714285714 19699.308282204638 0.9746794628632123 0
751 0.3416797172102245 8 15558 15462.57142857143 19151.519620520805 0.9174884763006629 0
752 0.3416797172102245 8 15719 15848.42857142857 20745.818461628613 0.9836867121681678 0
753 0.3416797172102245 8 15691 15786.714285714286 21263.51516394073 1.0100330489725684 0
754 0.3416797172102245 8 15946 16024.57142857143 21180.714358535755 0.9900109297450324 0
755 0.3416797172102245 8 15704 15770.42857142857 21499.84246270076 1.0204133614729642 0
756 0.3416797172102245 8 15863 15926.42857142857 21158.86414599833 0.9941643176844589 0
757 0.3416797172102245 8 15710 15802.285714285714 21368.166181883127 1.0137764844957715 0
758 0.3416797172102245 8 15595 15600.285714285714 21201.60622841803 1.0132918059817706 0
759 0.3416797172102245 8 16696 16835.571428571428 20930.586925541564 0.9343726469984256 0
760 0.3416797172102245 8 16536 16656.714285714286 22587.94471335825 1.0181163176446195 0
761 0.3416797172102245 8 15765 15739.142857142857 22347.97571250865 1.0565629106066785 0
762 0.3416797172102245 8 15794 15806.857142857143 21116.888737702753 0.9965267099621917 0
763 0.3416797172102245 8 15730 15711.0 21207.73962141099 1.0048860230678414 0
764 0.3416797172102245 8 15295 15235.714285714286 21079.13003708984 1.0271984308597581 0
765 0.3416797172102245 8 15544 15536.714285714286 20441.448834352923 0.9801668994926844 0
766 0.3416797172102245 8 15646 15496.0 20845.2944292332 0.9930151019886416 0
767 0.3416797172102245 8 16103 16041.142857142857 20790.66889788964 0.962305160529094 0
768 0.3416797172102245 8 15580 15553.57142857143 21522.076012300244 1.029598386209426 0
769 0.3416797172102245 8 15209 15125.42857142857 20867.911315894744 1.0226557583385778 0
770 0.3416797172102245 8 15450 15410.0 20293.480728397735 0.9789921405455385 0
771 0.3416797172102245 8 15542 15577.285714285714 20675.284442209562 0.9915068845708404 0
772 0.3416797172102245 8 15238 15194.285714285714 20899.72829204573 1.022265764161026 0
773 0.3416797172102245 8 15237 15178.57142857143 20385.86496035421 0.9971966735109086 0
774 0.3416797172102245 8 15580 15505.285714285714 20364.781421940912 0.9742343664038144 0
775 0.3416797172102245 8 15119 15053.142857142857 20803.12735240659 1.025549686770667 0
776 0.3416797172102245 8 15505 15547.285714285714 20196.49645169654 0.9708573271294973 0
777 0.3416797172102245 8 15465 15467.142857142857 20859.477900529422 1.0053207704032145 0
778 0.3416797172102245 8 15246 15203.714285714286 20751.951854621573 1.0145049755439366 0
779 0.3416797172102245 8 14905 14857.42857142857 20398.515083402195 1.020041213399147 0
780 0.3416797172102245 8 15169 15159.285714285714 19933.910564185397 0.97945998888711 0
781 0.3416797172102245 8 15190 15134.285714285714 20338.906170251856 0.9979779930405341 0
782 0.3416797172102245 8 15018 15003.57142857143 20305.364177321597 1.0077430892452865 0
783 0.3416797172102245 8 15391 15374.714285714286 20129.98747142912 0.9748275894075388 0
784 0.3416797172102245 8 15351 15334.714285714286 20627.942315045144 1.001544803968099 0
785 0.3416797172102245 8 14891 14840.285714285714 20574.275126356733 1.0297974807410037 0
786 0.3416797172102245 8 14727 14701.57142857143 19910.910340461793 1.0076923823104307 0
787 0.3416797172102245 8 14649 14574.714285714286 19724.800196831635 1.0035887383829223 0
788 0.3416797172102245 8 14262 14129.42857142857 19554.598541276966 1.0219263978203819 0
789 0.3416797172102245 8 14606 14547.142857142857 18957.167730056353 0.9673715302908784 0
790 0.3416797172102245 8 14473 14341.857142857143 19517.606514788167 1.0051228395731955 0
791 0.3416797172102245 8 14243 14084.714285714286 19242.17883569801 1.0069407528510246 0
792 0.3416797172102245 8 14264 14174.42857142857 18897.175479843954 0.9874308949603398 0
793 0.3416797172102245 8 14078 13985.285714285714 19017.543317330812 1.0068495930834331 0
794 0.3416797172102245 8 13875 13764.42857142857 18763.77418224705 1.0079485199485199 0
795 0.3416797172102245 8 13945 13899.714285714286 18467.45463327462 0.987051170414383 0
796 0.3416797172102245 8 14059 13980.857142857143 18648.964732160064 0.9886701960106897 0
797 0.3416797172102245 8 14102 14049.0 18757.83245778512 0.9914095265109306 0
798 0.3416797172102245 8 14593 14643.0 18849.258347086445 0.9627218529431919 0
799 0.3416797172102245 8 14778 14851.42857142857 19646.21609910932 0.9908647990255786 0
800 0.3416797172102245 8 14641 14721.42857142857 19925.860485882135 1.0143725545678963 0
801 0.3416797172102245 8 15017 15180.142857142857 19751.442122644807 0.98031754487771 0
802 0.3416797172102245 8 14877 15010.142857142857 20366.889775782238 1.0203766120281546 0
803 0.3416797172102245 8 15018 15155.0 20138.8042238565 0.9994768182942374 0
804 0.3416797172102245 8 14819 14921.42857142857 20333.156114320955 1.0226735947094945 0
805 0.3416797172102245 8 14974 15028.42857142857 20019.778066086852 0.9964891526264572 0
806 0.3416797172102245 8 14711 14701.42857142857 20163.337795828345 1.0215776338405662 0
807 0.3416797172102245 8 14705 14714.142857142857 19724.6085283006 0.9997571282848399 0
808 0.3416797172102245 8 14664 14613.57142857143 19741.667027562275 1.003419452887538 0
809 0.3416797172102245 8 14823 14815.285714285714 19606.732381717135 0.9858713774925069 0
810 0.3416797172102245 8 14755 14717.42857142857 19877.368347531537 1.0040857820593503 0
811 0.3416797172102245 8 14929 14944.714285714286 19746.075403775965 0.9858281580433097 0
812 0.3416797172102245 8 14820 14798.0 20051.020036644746 1.0084152689415848 0
813 0.3416797172102245 8 14838 14856.142857142857 19854.176455276905 0.9973042188974255 0
814 0.3416797172102245 8 14659 14652.42857142857 19932.185547406127 1.0134485883854871 0
815 0.3416797172102245 8 14672 14673.142857142857 19658.8662221573 0.9986660694812276 0
816 0.3416797172102245 8 14498 14451.57142857143 19686.658159156654 1.0120804840076463 0
817 0.3416797172102245 8 14666 14653.285714285714 19389.380267529075 0.9853792055483042 0
818 0.3416797172102245 8 14619 14574.714285714286 19660.016233343482 1.0023452845123273 0
819 0.3416797172102245 8 14266 14186.857142857143 19554.598541276966 1.021639863010955 0
820 0.3416797172102245 8 14251 14167.142857142857 19034.218479530427 0.9954990627224155 0
821 0.3416797172102245 8 14626 14621.285714285714 19007.76822224828 0.9686272977671856 0
822 0.3416797172102245 8 14406 14368.0 19617.082482392754 1.01494417008786 0
823 0.3416797172102245 8 14376 14358.57142857143 19277.254176876508 0.9994435169727324 0
824 0.3416797172102245 8 14430 14396.285714285714 19264.604053828527 0.9950499950499951 0
825 0.3416797172102245 8 14410 14380.142857142857 19315.204546020454 0.9990482799643104 0
826 0.3416797172102245 8 14062 14032.857142857143 19293.54600201406 1.0226242964829226 0
827 0.3416797172102245 8 15265 15409.857142857143 18827.59980308005 0.9192831407046933 0
828 0.3416797172102245 8 14591 14586.0 20675.09277367853 1.0561207006275886 0
829 0.3416797172102245 8 14794 14849.42857142857 19569.740355228336 0.9859402460456942 0
830 0.3416797172102245 8 14587 14617.142857142857 19923.177126447714 1.0179905786953158 0
831 0.3416797172102245 8 14867 14929.42857142857 19611.52409499288 0.9831938425467719 0
832 0.3416797172102245 8 14722 14766.57142857143 20030.51150382453 1.014089700545345 0
833 0.3416797172102245 8 14735 14831.142857142857 19812.009378450297 1.0021426147656212 0
834 0.3416797172102245 8 14724 14646.714285714286 19898.64355447587 1.007276749330539 0
835 0.3416797172102245 8 15070 15138.42857142857 19651.1994809161 0.9719120295762632 0
836 0.3416797172102245 8 14877 14888.857142857143 20310.92256472147 1.017572667300435 0
837 0.3416797172102245 8 14512 14501.285714285714 19976.077641012005 1.0259686564813357 0
838 0.3416797172102245 8 14459 14400.714285714286 19456.080916327526 1.0029245255056167 0
839 0.3416797172102245 8 14633 14620.285714285714 19321.146270482386 0.9841258993859281 0
840 0.3416797172102245 8 14299 14236.714285714286 19615.740802675544 1.0224691037335278 0
841 0.3416797172102245 8 14360 14308.0 19101.11079685991 0.9914146438519698 0
842 0.3416797172102245 8 14659 14600.285714285714 19196.753393843894 0.9760556654614913 0
843 0.3416797172102245 8 14726 14704.42857142857 19588.90720833134 0.9914631070409965 0
844 0.3416797172102245 8 15035 15109.714285714286 19728.63356745223 0.9780132072782555 0
845 0.3416797172102245 8 14494 14499.0 20272.397189984433 1.0424806323799012 0
846 0.3416797172102245 8 14442 14414.714285714286 19453.014219831046 1.003946821769838 0
847 0.3416797172102245 8 14484 14510.42857142857 19339.929786523327 0.9952163964177221 0
848 0.3416797172102245 8 15162 15276.57142857143 19468.347702313447 0.9570260237058812 0
849 0.3416797172102245 8 14338 14292.142857142857 20496.266034227512 1.0654604148815336 0
850 0.3416797172102245 8 14992 15030.0 19175.47818689956 0.9533179600548864 0
851 0.3416797172102245 8 14561 14493.285714285714 20165.446149669675 1.0322093262825356 0
852 0.3416797172102245 8 14757 14794.57142857143 19445.347478589843 0.9821295462685989 0
853 0.3416797172102245 8 15041 15126.57142857143 19849.576410532183 0.9836162109282248 0
854 0.3416797172102245 8 14817 14864.57142857143 20295.014076645977 1.020892989712589 0
855 0.3416797172102245 8 15322 15344.857142857143 19943.4939907369 0.9701456355940106 0
856 0.3416797172102245 8 14805 14871.714285714286 20587.88359205987 1.0364645148839677 0
857 0.3416797172102245 8 15047 15054.857142857143 19953.0774172884 0.9883507865829924 0
858 0.3416797172102245 8 14614 14621.57142857143 20198.796474068902 1.0301667676787425 0
859 0.3416797172102245 8 14640 14623.285714285714 19617.465819454814 0.9987412177985949 0
860 0.3416797172102245 8 14837 14807.857142857143 19619.765841827175 0.9855958559200454 0
861 0.3416797172102245 8 14526 14484.42857142857 19867.401583917977 1.0194036309277945 0
862 0.3416797172102245 8 14169 14004.285714285714 19433.46402966598 1.0222618795559721 0
863 0.3416797172102245 8 14319 14249.57142857143 18789.266096874046 0.9780212105793501 0
864 0.3416797172102245 8 14386 14291.57142857143 19118.360964652613 0.9905165736529563 0
865 0.3416797172102245 8 14554 14545.42857142857 19174.71151277544 0.9819686291446633 0
866 0.3416797172102245 8 14413 14380.57142857143 19515.306492415806 1.0091881337284792 0
867 0.3416797172102245 8 14853 14855.285714285714 19294.12100760715 0.9681930538323187 0
868 0.3416797172102245 8 14518 14516.857142857143 19931.035536219944 1.023232243717159 0
869 0.3416797172102245 8 15137 15275.285714285714 19476.9727862098 0.9590313234364235 0
870 0.3416797172102245 8 14571 14607.0 20494.54101744824 1.048334754943773 0
871 0.3416797172102245 8 14767 14821.42857142857 19597.91562928975 0.98916503013476 0
872 0.3416797172102245 8 14332 14300.285714285714 19885.610094365828 1.0341493560862804 0
873 0.3416797172102245 8 14529 14545.57142857143 19186.40329316827 0.9842580848155904 0
874 0.3416797172102245 8 14539 14494.142857142857 19515.498160946838 1.0004519862831989 0
875 0.3416797172102245 8 14255 14217.42857142857 19446.497489776026 1.0167760685473768 0
876 0.3416797172102245 8 15056 15044.42857142857 19075.235545170854 0.9443031729163504 0
877 0.3416797172102245 8 14598 14601.857142857143 20184.804671303707 1.0305814886579374 0
878 0.3416797172102245 8 14479 14437.857142857143 19591.01556217267 1.0084851953074896 0
879 0.3416797172102245 8 14553 14584.57142857143 19370.980088550194 0.9920880329043594 0
880 0.3416797172102245 8 15289 15397.57142857143 19567.823669918038 0.9539257916522618 0
881 0.3416797172102245 8 14469 14459.0 20658.60928000995 1.0641766140418432 0
882 0.3416797172102245 8 14417 14440.142857142857 19399.34703114264 1.002913227439828 0
883 0.3416797172102245 8 14454 14368.0 19374.046785046674 0.9990412935618415 0
884 0.3416797172102245 8 14584 14582.0 19277.254176876508 0.9851892484914976 0
885 0.3416797172102245 8 14201 14161.285714285714 19564.373636359494 1.026829096542497 0
886 0.3416797172102245 8 14097 14031.857142857143 18999.90981247605 1.0045602407807133 0
887 0.3416797172102245 8 14344 14209.0 18826.25812336284 0.9782387857541232 0
888 0.3416797172102245 8 14467 14466.714285714286 19063.927101840083 0.9821663095320384 0
889 0.3416797172102245 8 14132 14091.285714285714 19409.69713181826 1.0236848489749708 0
890 0.3416797172102245 8 14124 14076.857142857143 18905.992232271336 0.9976837803940607 0
891 0.3416797172102245 8 14197 14141.714285714286 18886.633710637303 0.9915374475492811 0
892 0.3416797172102245 8 14310 14325.57142857143 18973.651223724937 0.9882399920135769 0
893 0.3416797172102245 8 13864 13830.714285714286 19220.32862316059 1.0332928035611244 0
894 0.3416797172102245 8 14093 14057.142857142857 18556.388831672557 0.9813889367568499 0
895 0.3416797172102245 8 13770 13670.42857142857 18860.183453355156 1.020852785558668 0
896 0.3416797172102245 8 13651 13582.285714285714 18341.33673985686 1.0014232342999465 0
897 0.3416797172102245 8 13651 13583.42857142857 18223.07725621133 0.9949663551597475 0
898 0.3416797172102245 8 14057 14037.0 18224.61060445957 0.9663106332381426 0
899 0.3416797172102245 8 13921 13865.42857142857 18833.158190479924 1.0083327347173334 0
