15503
16158
14767
15780
15902
15970
16586
16278
15992
16060
16024
16913
16883
16217
16220
15028
14923
15573
16018
14275
14176
14392
14142
13646
14232
14448
14564
14714
14874
14574
14560
14888
14808
14743
14634
14540
14569
14512
14640
14738
14574
14452
14879
14429
14729
14721
14697
14636
14182
14269
14190
14312
14663
14171
14553
14618
15544
14054
14390
14562
14538
14306
14325
14540
14285
16217
18329
18757
18413
17531
14726
14353
14657
15228
14744
14497
14606
14897
14606
15186
15021
14484
15558
14621
14264
14781
14509
14694
14335
14633
14383
14443
14678
14736
14206
14059
14733
14407
14412
14457
14861
14500
14593
14578
14717
14661
14908
14513
14586
14660
14485
14805
14749
14483
14550
14487
14623
14408
14488
14326
14729
14594
14629
14526
14497
14787
15208
14640
15161
14581
14464
14576
14279
14602
14350
14695
14428
14711
14390
14658
14583
14547
15138
14674
14907
14990
14728
14945
14791
14644
14718
14589
15022
14608
14490
14421
14626
14736
14760
14842
14944
14888
15021
15023
15089
14705
14764
15037
14778
14972
15036
14579
15811
15021
14971
14242
14198
14532
14498
14405
14398
14458
14343
14391
14688
14588
14507
14733
14640
14788
14973
14240
14637
14790
14705
14588
14709
14795
14505
14315
14342
14375
14424
14676
14574
14954
14318
14692
14284
16896
24395
19056
14575
14724
14183
14463
15271
14547
14506
14510
14377
14306
14140
14352
14156
13999
14426
14322
14119
14086
14468
14106
14480
14643
14862
14647
14403
14387
14627
14442
14414
14385
14767
14571
14578
15090
15212
15460
14589
15210
15074
15183
14563
14707
14957
14811
14585
14778
14453
14863
14489
15639
14412
16173
14796
15217
15542
15103
15556
14578
15135
14984
15198
14777
14795
14064
14254
14344
14136
14730
14098
14023
14958
14866
14116
14473
14373
14667
14811
14357
14150
14557
14383
14567
14813
14156
14544
14336
13758
14313
14253
14981
14969
14330
14667
14442
14962
14570
14384
14607
14597
14443
14505
14276
14247
13948
14519
14321
14495
14286
14205
14293
15065
15552
15073
15515
15160
15060
14963
15485
15496
15491
15437
15062
15170
16082
15118
15256
15036
15171
15424
15319
15199
15216
15194
15371
15125
15168
15288
15675
16812
16286
15831
15913
15535
15744
15612
15553
15920
16660
19010
18684
19356
19014
15276
15445
15726
16093
15696
15436
15447
15351
15739
15454
15726
15421
15523
15699
15695
15514
15360
17472
15444
15375
15858
15606
15558
14762
14854
14466
14439
14592
14172
14398
14349
14562
14424
14648
14658
14395
14766
14499
14564
14778
14879
14712
14642
14828
14589
14679
14627
14667
15190
14936
15251
14888
14747
14794
15320
15581
15193
15001
15724
15118
15200
15396
15484
15118
15435
15347
15008
16856
15357
15542
15572
15007
15015
14945
15707
15411
15373
15841
22336
22648
22698
21486
21172
15626
58637
143653
137458
138112
137111
135867
136494
134730
135893
136823
136246
135785
136750
136653
134728
133806
134351
131750
135196
134202
135068
133140
132033
135197
136290
133529
135882
136086
136182
133910
41408
15261
15139
15067
15345
15038
15060
15168
15452
15506
15384
15452
15295
14997
14886
15092
15172
15169
15064
15063
14907
15018
14926
15203
15425
14639
14630
14697
14774
15039
14663
15212
15085
14909
14825
15176
14968
14742
15051
15175
15162
15255
15204
15434
15387
15769
15773
15881
15746
15606
15604
15997
15792
16252
16525
16686
16648
17034
16480
16957
16550
16788
16775
17077
17182
16876
16482
16827
16294
16605
17034
17270
16923
17288
17215
18508
21196
20989
20876
21240
21089
20568
20779
20221
17787
17133
17246
17354
17282
17265
17138
17039
17186
17296
17230
17150
17255
17269
17552
17604
17577
17436
17329
17229
17444
17165
17411
17540
17681
17187
17258
17483
17157
17461
17574
17447
17080
17007
17477
17332
17325
17514
17478
17659
17371
17790
17558
17789
17798
17896
18204
17723
18194
18059
17844
17586
17720
18056
17679
17388
17390
17689
16941
16373
16420
16789
16977
16948
16870
16820
17129
16802
16403
16386
16313
16585
16084
16468
16783
16442
16800
16625
16526
16622
16758
16724
16670
17127
16252
16065
16564
16575
16825
16592
16666
16869
16878
16425
17183
17231
17154
16644
16979
16717
16370
16441
16901
17075
16640
16062
16324
15794
16451
16365
15349
15682
15458
17864
16108
15550
15866
15464
15033
15732
15292
15574
15535
15500
15442
15436
15656
15627
14962
15525
15439
15583
15736
15729
16388
16119
15701
16690
15832
15633
15477
15870
15332
15032
15053
15187
15090
15122
15146
15256
15001
15260
15071
14819
14863
14682
14795
15158
14726
14791
14984
15003
14727
15089
15189
15508
15109
15067
14560
14748
14638
14559
14945
18278
21121
20943
17300
15222
15475
19202
20574
20592
16226
14813
15021
15396
15239
15419
15064
15558
15719
15691
15946
15704
15863
15710
15595
16696
16536
15765
15794
15730
15295
15544
15646
16103
15580
15209
15450
15542
15238
15237
15580
15119
15505
15465
15246
14905
15169
15190
15018
15391
15351
14891
14727
14649
14262
14606
14473
14243
14264
14078
13875
13945
14059
14102
14593
14778
14641
15017
14877
15018
14819
14974
14711
14705
14664
14823
14755
14929
14820
14838
14659
14672
14498
14666
14619
14266
14251
14626
14406
14376
14430
14410
14062
15265
14591
14794
14587
14867
14722
14735
14724
15070
14877
14512
14459
14633
14299
14360
14659
14726
15035
14494
14442
14484
15162
14338
14992
14561
14757
15041
14817
15322
14805
15047
14614
14640
14837
14526
14169
14319
14386
14554
14413
14853
14518
15137
14571
14767
14332
14529
14539
14255
15056
14598
14479
14553
15289
14469
14417
14454
14584
14201
14097
14344
14467
14132
14124
14197
14310
13864
14093
13770
13651
13651
14057
13921
