9 0.3416797172102245 8 15903 15832.142857142857 22704.862517286572 1.064120875665867 0
10 0.3416797172102245 8 16481 16512.714285714286 21241.664951403305 0.9606299895117321 0
11 0.3416797172102245 8 16401 16454.571428571428 22154.773833230378 1.006811431358715 0
12 0.3416797172102245 8 16432 16435.14285714286 22076.764741101153 1.0013736263736264 0
13 0.3416797172102245 8 17678 17877.285714285714 22050.697820881072 0.9296946972023339 0
14 0.3416797172102245 8 15908 15804.0 23985.591641629246 1.123792162074787 0
15 0.3416797172102245 8 16273 16187.857142857143 21203.90625079039 0.9711792539789836 0
16 0.3416797172102245 8 15738 15714.42857142857 21718.919593668088 1.0285841366664852 0
17 0.3416797172102245 8 15257 15082.142857142857 21083.730081834557 1.029981554134402 0
18 0.3416797172102245 8 15219 15050.142857142857 20235.405163495638 0.9910074812499413 0
19 0.3416797172102245 8 16089 16040.0 20192.47141254491 0.9354305958818359 0
20 0.3416797172102245 8 16056 15824.285714285714 21520.542664052 0.9990034877927254 0
21 0.3416797172102245 8 15319 15234.857142857143 21231.123182196654 1.0329842492516297 0
22 0.3416797172102245 8 15578 15478.714285714286 20440.29882316674 0.9779725987198064 0
23 0.3416797172102245 8 16004 16042.0 20767.477005635006 0.9671778483950442 0
24 0.3416797172102245 8 15602 15651.285714285714 21523.226023486422 1.0282015126265864 0
25 0.3416797172102245 8 15774 15853.285714285714 20999.012591119284 0.9922204712999692 0
26 0.3416797172102245 8 15543 15465.0 21270.03189399575 1.0199630518101854 0
27 0.3416797172102245 8 15624 15562.285714285714 20749.076826656124 0.9898233486943164 0
28 0.3416797172102245 8 15895 15977.285714285714 20879.603096287574 0.9790679908326967 0
29 0.3416797172102245 8 16487 16616.85714285714 21436.400178929816 0.969083866942786 0
30 0.3416797172102245 8 15709 15666.857142857143 22294.500192351272 1.0577921664559897 0
31 0.3416797172102245 8 16001 16058.0 21019.90446100156 0.9791173765925344 0
32 0.3416797172102245 8 16013 16047.142857142857 21544.692898961788 1.002810216698932 0
33 0.3416797172102245 8 15853 15897.285714285714 21530.126090603502 1.0122464427643258 0
34 0.3416797172102245 8 15413 15382.857142857143 21329.065801553 1.031420600420795 0
35 0.3416797172102245 8 15726 15701.857142857143 20638.867421313855 0.9781799022546829 0
36 0.3416797172102245 8 16319 16295.0 21066.863251103918 0.9621825567042799 0
37 0.3416797172102245 8 16521 16637.0 21862.67099194061 0.9863204406512923 0
38 0.3416797172102245 8 16350 16399.85714285714 22321.525455226507 1.017553516819572 0
39 0.3416797172102245 8 15914 15899.857142857143 22003.35569371665 1.0305301710982242 0
40 0.3416797172102245 8 16537 16634.714285714286 21332.515835111542 0.9614716782280428 0
41 0.3416797172102245 8 16223 16338.714285714286 22318.458758730027 1.025378430975423 0
42 0.3416797172102245 8 17109 17306.571428571428 21921.3215624358 0.9549777477184106 0
43 0.3416797172102245 8 17228 17357.85714285714 23219.875860164266 1.004560681946333 0
44 0.3416797172102245 8 17047 17122.14285714286 23288.684862804046 1.018235299047172 0
45 0.3416797172102245 8 16819 16886.0 22972.4317866045 1.0180238335895628 0
46 0.3416797172102245 8 17039 17199.714285714286 22655.603704811852 0.9910205998004578 0
47 0.3416797172102245 8 17227 17325.571428571428 23076.507798953804 0.9984161076051713 0
48 0.3416797172102245 8 16981 17089.285714285714 23245.36777479126 1.0202915863948783 0
49 0.3416797172102245 8 16972 16952.428571428572 22928.34802446759 1.0069105417326016 0
50 0.3416797172102245 8 16805 16744.571428571428 22744.72957174082 1.0087728992221703 0
51 0.3416797172102245 8 17012 17007.0 22465.85185909212 0.9842800040307681 0
52 0.3416797172102245 8 17064 17099.0 22817.94695059429 0.9966596343178622 0
53 0.3416797172102245 8 17522 17591.0 22941.381484577632 0.9758589202145874 0
54 0.3416797172102245 8 19398 19708.14285714286 23601.48790544506 0.9068460666048046 0
55 0.3416797172102245 8 17294 17338.714285714286 26442.01553531014 1.1395942440813496 0
56 0.3416797172102245 8 17792 17909.14285714286 23263.001279646025 0.9745230601233299 0
57 0.3416797172102245 8 17576 17686.14285714286 24028.333724048945 1.0189544183627024 0
58 0.3416797172102245 8 17142 17160.571428571428 23729.139147111066 1.0317432538293583 0
59 0.3416797172102245 8 17822 17930.285714285714 23023.990621451572 0.9628869615403113 0
60 0.3416797172102245 8 18709 18878.571428571428 24056.700666641387 0.9583775570199217 0
61 0.3416797172102245 8 18413 18272.285714285714 25328.99637561874 1.0252849306778595 0
62 0.3416797172102245 8 18334 18482.571428571428 24515.555129927285 0.9966338886378158 0
63 0.3416797172102245 8 17983 18010.285714285714 24797.69120760349 1.027780205114354 0
64 0.3416797172102245 8 18355 18466.285714285714 24164.035044018205 0.981219597618399 0
65 0.3416797172102245 8 18592 18799.14285714286 24775.840995066068 0.9932382591590853 0
66 0.3416797172102245 8 18722 18850.571428571428 25222.428672366044 1.0041204389030476 0
67 0.3416797172102245 8 18663 18656.428571428572 25291.429343536853 1.01005044358203 0
68 0.3416797172102245 8 18893 18961.571428571428 25030.95180986704 0.9874783555511868 0
69 0.3416797172102245 8 18406 18416.285714285714 25440.355792147187 1.030184256686484 0
70 0.3416797172102245 8 18797 18913.285714285714 24708.757009205558 0.9797460081015967 0
71 0.3416797172102245 8 18610 18646.428571428572 25375.571828659038 1.016296921777846 0
72 0.3416797172102245 8 18604 18605.714285714286 25017.535012694938 1.0022806155358295 0
73 0.3416797172102245 8 18581 18560.85714285714 24962.90948135138 1.0013300837260797 0
74 0.3416797172102245 8 18939 18978.428571428572 24902.725562607946 0.9800336418426074 0
75 0.3416797172102245 8 18906 18907.85714285714 25462.972678808736 1.0038309833612913 0
76 0.3416797172102245 8 18653 18688.285714285714 25368.288424479895 1.013663064539599 0
77 0.3416797172102245 8 18583 18552.428571428572 25073.693892286738 1.0056657006019327 0
78 0.3416797172102245 8 18527 18515.14285714286 24891.41711927718 1.0013725142456185 0
79 0.3416797172102245 8 18597 18596.0 24841.39163267834 0.9955983684004334 0
80 0.3416797172102245 8 18549 18544.428571428572 24949.876021241336 1.0025338293169443 0
81 0.3416797172102245 8 19092 19113.85714285714 24880.683681539496 0.9713193259704889 0
82 0.3416797172102245 8 18288 18199.714285714286 25644.674446225203 1.0451584176977877 0
83 0.3416797172102245 8 17630 17483.85714285714 24418.187516164027 1.0323150474029656 0
84 0.3416797172102245 8 18143 18080.14285714286 23457.736507172536 0.9636695774049022 0
85 0.3416797172102245 8 17941 17857.285714285714 24257.760955691894 1.0077555797972721 0
86 0.3416797172102245 8 17544 17393.571428571428 23958.75804728504 1.0178571428571428 0
87 0.3416797172102245 8 17719 17600.428571428572 23336.601995561556 0.9816339200051598 0
88 0.3416797172102245 8 17747 17554.85714285714 23614.138028493046 0.991741058850993 0
89 0.3416797172102245 8 17755 17678.85714285714 23552.99576709446 0.9887275214225368 0
90 0.3416797172102245 8 17361 17322.571428571428 23719.36405202853 1.0183086886041783 0
91 0.3416797172102245 8 17466 17369.285714285714 23241.342735639628 0.9917881271368045 0
92 0.3416797172102245 8 17858 17846.14285714286 23304.01834528645 0.9726333136009472 0
93 0.3416797172102245 8 18183 18274.285714285714 23943.8079018647 0.9814740613288708 0
94 0.3416797172102245 8 18078 18129.285714285714 24518.238489361705 1.0108577118202076 0
95 0.3416797172102245 8 17868 17885.285714285714 24323.694930366222 1.014623109149637 0
96 0.3416797172102245 8 17685 17675.0 23996.325079366925 1.0113251746839533 0
97 0.3416797172102245 8 17731 17783.85714285714 23714.18900169072 0.9968416896960126 0
98 0.3416797172102245 8 17390 17379.14285714286 23860.240422335602 1.0226484843506118 0
99 0.3416797172102245 8 17650 17620.285714285714 23317.243473927527 0.9846539862403886 0
100 0.3416797172102245 8 17674 17601.285714285714 23640.779954306217 0.9969608302753035 0
101 0.3416797172102245 8 18073 18072.285714285714 23615.288039679224 0.9738995028100323 0
102 0.3416797172102245 8 18150 18190.285714285714 24247.21918648524 0.9957182211727666 0
103 0.3416797172102245 8 18193 18265.571428571428 24405.537393116047 0.9998508060399997 0
104 0.3416797172102245 8 18158 18219.0 24506.546708968872 1.0059241892593582 0
105 0.3416797172102245 8 18652 18832.285714285714 24444.062767853084 0.9767853313317607 0
106 0.3416797172102245 8 18571 18702.571428571428 25266.89577156501 1.0140695554512795 0
107 0.3416797172102245 8 22234 22885.428571428572 25092.86074538974 0.8411698942417661 0
108 0.3416797172102245 8 19590 19806.714285714286 30704.91533394908 1.1682199372857873 0
109 0.3416797172102245 8 19216 19368.285714285714 26574.26682172086 1.0307407517544904 0
110 0.3416797172102245 8 18724 18799.85714285714 25986.03609998969 1.0344096194341867 0
111 0.3416797172102245 8 18549 18604.85714285714 25223.38701502119 1.0135240251688578 0
112 0.3416797172102245 8 18559 18545.714285714286 24961.759470165198 1.0024708843610723 0
113 0.3416797172102245 8 18476 18462.428571428572 24882.408698318766 1.0037732347756163 0
114 0.3416797172102245 8 18652 18140.285714285714 24770.66594472826 0.9898364020710151 0
115 0.3416797172102245 8 18229 18034.571428571428 24338.453407255533 0.9951333432599547 0
116 0.3416797172102245 8 18490 18386.285714285714 24196.61869429331 0.9753689252878003 0
117 0.3416797172102245 8 18525 18496.571428571428 24668.50661768925 0.9925120493541546 0
118 0.3416797172102245 8 18555 18555.85714285714 24816.474723644435 0.9968510605535665 0
119 0.3416797172102245 8 18285 18245.85714285714 24896.017164021894 1.0148130786358842 0
120 0.3416797172102245 8 18889 18948.0 24480.096451686724 0.9659514607897264 0
121 0.3416797172102245 8 18370 18329.714285714286 25422.147281699337 1.0314643440391944 0
122 0.3416797172102245 8 18225 18224.428571428572 24592.60587940136 1.005745639819714 0
123 0.3416797172102245 8 18498 18499.14285714286 24451.346172032223 0.9852107563752066 0
124 0.3416797172102245 8 18923 18979.85714285714 24819.924757202978 0.9776009542431358 0
125 0.3416797172102245 8 18619 18628.14285714286 25464.88936411903 1.0193811237368893 0
126 0.3416797172102245 8 18427 18447.285714285714 24993.001440723096 1.010915659474839 0
127 0.3416797172102245 8 19344 19409.0 24750.34908043907 0.9536438024341249 0
128 0.3416797172102245 8 18588 18619.14285714286 26040.66163133325 1.044168280611147 0
129 0.3416797172102245 8 18467 18501.571428571428 24980.926323268202 1.0082386341659642 0
130 0.3416797172102245 8 18751 18787.14285714286 24823.183122230483 0.9866978523050198 0
131 0.3416797172102245 8 19133 19163.0 25206.32851575952 0.9819235277866962 0
132 0.3416797172102245 8 18809 18836.14285714286 25710.608420899534 1.0188207772874687 0
133 0.3416797172102245 8 18387 18381.285714285714 25272.070821902824 1.0244271962333638 0
134 0.3416797172102245 8 19356 19357.714285714286 24661.7982191032 0.9496427833377616 0
135 0.3416797172102245 8 18972 19026.85714285714 25971.85262869347 1.0203307129303334 0
136 0.3416797172102245 8 19094 19183.571428571428 25527.948310827913 0.9964835625252509 0
137 0.3416797172102245 8 19170 19229.85714285714 25738.208689367857 1.0007079514121766 0
138 0.3416797172102245 8 18809 18762.714285714286 25800.309293421586 1.0223753066541093 0
139 0.3416797172102245 8 18921 18937.0 25173.553196953384 0.9916343896048986 0
140 0.3416797172102245 8 18752 18804.14285714286 25407.388804810023 1.009865614334471 0
141 0.3416797172102245 8 19163 19135.428571428572 25229.137070952096 0.9812734361604581 0
142 0.3416797172102245 8 18849 18831.428571428572 25673.61639441074 1.0151959558294112 0
143 0.3416797172102245 8 18045 17895.14285714286 25265.74576037883 1.043581522384515 0
144 0.3416797172102245 8 19196 19199.714285714286 24009.550208008 0.9322329056648707 0
145 0.3416797172102245 8 19120 19164.428571428572 25759.867233374254 1.0041691572026301 0
146 0.3416797172102245 8 18756 18732.428571428572 25712.525106209836 1.0217758888584225 0
147 0.3416797172102245 8 18729 18725.714285714286 25132.919468375017 1.0001830621724903 0
148 0.3416797172102245 8 18813 18763.0 25123.91104741661 0.995360351124982 0
149 0.3416797172102245 8 18378 18310.714285714286 25173.936534015444 1.020948960713897 0
150 0.3416797172102245 8 18784 18889.571428571428 24567.113964774362 0.9748037843757605 0
151 0.3416797172102245 8 18595 18509.14285714286 25343.754852508053 1.0158414320285791 0
152 0.3416797172102245 8 18991 18972.571428571428 24833.341554375078 0.9746270789923047 0
153 0.3416797172102245 8 18736 18733.14285714286 25455.1142690365 1.0126265706965962 0
154 0.3416797172102245 8 19191 19257.0 25133.87781103017 0.9761420904144057 0
155 0.3416797172102245 8 19160 19209.571428571428 25836.726314317297 1.005062630480167 0
156 0.3416797172102245 8 18686 18730.0 25773.092362015323 1.0280194492438952 0
157 0.3416797172102245 8 18879 18892.571428571428 25129.661103347506 0.992107632819535 0
158 0.3416797172102245 8 18980 19035.0 25347.77989165968 0.9953936474484419 0
159 0.3416797172102245 8 19152 19175.0 25538.873417096627 0.993890977443609 0
160 0.3416797172102245 8 19112 19165.714285714286 25726.70857750606 1.0032963583089158 0
161 0.3416797172102245 8 19457 19495.0 25714.250122989106 0.9850292586582868 0
162 0.3416797172102245 8 18769 18713.14285714286 26156.04608701333 1.0386808034525015 0
163 0.3416797172102245 8 19938 20116.85714285714 25107.044216685965 0.9385666996259835 0
164 0.3416797172102245 8 18475 18417.285714285714 26990.379202587057 1.0888691281654745 0
165 0.3416797172102245 8 19041 19049.714285714286 24710.098688922764 0.967243617156962 0
166 0.3416797172102245 8 18869 18828.571428571428 25558.61527579272 1.0095773112361166 0
167 0.3416797172102245 8 18964 18942.85714285714 25261.91238975823 0.9928586494711784 0
168 0.3416797172102245 8 19100 19049.0 25415.247214582254 0.9917726252804786 0
169 0.3416797172102245 8 19162 19218.14285714286 25557.65693313757 0.9941029120133598 0
170 0.3416797172102245 8 18641 18455.714285714286 25784.59247387713 1.0309609386375655 0
171 0.3416797172102245 8 18721 18756.14285714286 24761.657523769845 0.9858295115492915 0
172 0.3416797172102245 8 18913 18894.714285714286 25164.736444526006 0.9917063848751049 0
173 0.3416797172102245 8 18450 18390.14285714286 25350.654919625136 1.0241037553232675 0
174 0.3416797172102245 8 18019 17884.0 24673.681668027064 1.0205973060182507 0
175 0.3416797172102245 8 18084 17938.85714285714 23994.60006258766 0.988940499889405 0
176 0.3416797172102245 8 18124 17975.714285714286 24068.200778503186 0.9897846580698048 0
177 0.3416797172102245 8 17662 17522.14285714286 24117.651259508937 1.017762104275523 0
178 0.3416797172102245 8 18168 18089.0 23509.10367348859 0.9644508397810908 0
179 0.3416797172102245 8 18890 18886.714285714286 24269.644404615752 0.9575966119640021 0
180 0.3416797172102245 8 18420 18415.714285714286 25339.921481887453 1.025337366216845 0
181 0.3416797172102245 8 18162 18182.428571428572 24707.99033508144 1.013969512482892 0
182 0.3416797172102245 8 17877 17847.428571428572 24394.995623909395 1.0170850014783561 0
183 0.3416797172102245 8 18022 18007.428571428572 23945.53291864397 0.990313426447041 0
184 0.3416797172102245 8 18190 18265.428571428572 24160.201673397605 0.9899630880389539 0
185 0.3416797172102245 8 18045 18027.428571428572 24506.355040437844 1.0122154930134981 0
186 0.3416797172102245 8 18452 18389.428571428572 24187.035267741812 0.9769904927069463 0
187 0.3416797172102245 8 18663 18697.714285714286 24672.723325371913 0.9853415084085395 0
188 0.3416797172102245 8 18567 18624.85714285714 25086.344015334722 1.0070401403411584 0
189 0.3416797172102245 8 18569 18667.85714285714 24988.5930645094 1.0030080856727417 0
190 0.3416797172102245 8 18663 18754.571428571428 25046.28529234944 1.0002602552031903 0
191 0.3416797172102245 8 18878 18976.285714285714 25162.62809068467 0.9934617771253007 0
192 0.3416797172102245 8 18607 18687.285714285714 25460.097650843283 1.0198466015094165 0
193 0.3416797172102245 8 19117 19212.0 25072.352212569527 0.9775218765646134 0
194 0.3416797172102245 8 18573 18560.14285714286 25776.350727042834 1.034404781133904 0
195 0.3416797172102245 8 19627 19778.428571428572 24901.767219952802 0.9456433921201843 0
196 0.3416797172102245 8 18925 18975.85714285714 26536.316452576913 1.0450953010001887 0
197 0.3416797172102245 8 19365 19465.285714285714 25459.52264525019 0.979904835675556 0
198 0.3416797172102245 8 18883 18883.714285714286 26116.17903255908 1.0308365044900554 0
199 0.3416797172102245 8 20113 20328.14285714286 25335.896442735822 0.9388810364298854 0
200 0.3416797172102245 8 18885 18851.85714285714 27273.85695998048 1.0764174136692009 0
201 0.3416797172102245 8 18795 18826.714285714286 25293.154360316123 1.0030251206627903 0
202 0.3416797172102245 8 18893 18788.14285714286 25259.42069885484 0.996491519912893 0
203 0.3416797172102245 8 19257 19304.428571428572 25207.67019547673 0.9756526383726883 0
204 0.3416797172102245 8 19554 19581.0 25900.360266619267 0.9872368094215287 0
205 0.3416797172102245 8 18831 18823.571428571428 26271.430542693408 1.0398279432850088 0
206 0.3416797172102245 8 19041 18887.85714285714 25255.203991172177 0.9885810319085881 0
207 0.3416797172102245 8 19102 19133.0 25341.45483013569 0.9887895059604828 0
208 0.3416797172102245 8 18902 18917.285714285714 25670.358029383227 1.012220929002222 0
209 0.3416797172102245 8 19513 19601.571428571428 25380.93854752788 0.9694709021824278 0
210 0.3416797172102245 8 19818 19898.14285714286 26299.03081116173 0.9890791920764672 0
211 0.3416797172102245 8 19810 19846.571428571428 26696.93468158008 1.0044494122737435 0
212 0.3416797172102245 8 20257 20460.714285714286 26627.742341878235 0.9797389262265601 0
213 0.3416797172102245 8 20819 21073.0 27451.725356776347 0.9827904455408178 0
214 0.3416797172102245 8 20202 20359.14285714286 28273.216680771064 1.0431145431145432 0
215 0.3416797172102245 8 20756 21020.85714285714 27315.449031213993 0.9808798832695538 0
216 0.3416797172102245 8 19973 20038.714285714286 28203.2576669451 1.0524636831150624 0
217 0.3416797172102245 8 20136 20181.428571428572 26885.536516113632 0.9951685680231569 0
218 0.3416797172102245 8 19866 19874.0 27077.013378612635 1.0158778098977435 0
219 0.3416797172102245 8 20087 20062.714285714286 26664.542699836005 0.9893961268482103 0
220 0.3416797172102245 8 19666 19501.285714285714 26917.736829326677 1.0201725966497655 0
221 0.3416797172102245 8 20279 20290.0 26164.47950237865 0.9616492782822483 0
222 0.3416797172102245 8 19741 19596.0 27222.681462195458 1.0278101413302265 0
223 0.3416797172102245 8 19230 19123.85714285714 26291.555738451563 1.0190327613104524 0
224 0.3416797172102245 8 19770 19717.714285714286 25658.091243397303 0.9673170026736035 0
225 0.3416797172102245 8 19651 19620.285714285714 26454.85732688915 1.0033949562726725 0
226 0.3416797172102245 8 19436 19343.0 26324.139388726668 1.009481668773704 0
227 0.3416797172102245 8 19447 19415.714285714286 25952.110769997376 0.9946521314341543 0
228 0.3416797172102245 8 20120 20097.285714285714 26049.67005229166 0.9649957398466346 0
229 0.3416797172102245 8 19342 19285.0 26964.120613835945 1.0390489977399293 0
230 0.3416797172102245 8 20134 20263.14285714286 25874.293346399183 0.9578325221019172 0
231 0.3416797172102245 8 19620 19598.571428571428 27186.647778361814 1.0327799621377605 0
232 0.3416797172102245 8 19311 19262.428571428572 26295.0057720101 1.0148915865864754 0
233 0.3416797172102245 8 19654 19685.14285714286 25844.009718496436 0.9800767564581547 0
234 0.3416797172102245 8 19909 19975.0 26411.1569018143 0.9887559825778722 0
235 0.3416797172102245 8 19675 19611.428571428572 26800.052351274237 1.0152477763659467 0
236 0.3416797172102245 8 19112 19079.14285714286 26312.255939802806 1.0261316749387073 0
237 0.3416797172102245 8 19383 19275.714285714286 25598.098993184907 0.9843235235589362 0
238 0.3416797172102245 8 19378 19343.428571428572 25861.83489188223 0.9947215546348585 0
239 0.3416797172102245 8 19818 19890.428571428572 25952.685775590468 0.9760535155630524 0
240 0.3416797172102245 8 19375 19335.14285714286 26686.58458090446 1.0266027649769587 0
241 0.3416797172102245 8 19243 19147.85714285714 25941.569000790725 1.004788383159739 0
242 0.3416797172102245 8 19478 19449.85714285714 25690.291556610347 0.9830504745280388 0
243 0.3416797172102245 8 19691 19773.714285714286 26095.478831207838 0.9877536510516044 0
244 0.3416797172102245 8 19233 19211.571428571428 26529.99139105292 1.0281138816468718 0
245 0.3416797172102245 8 19486 19501.428571428572 25775.775721449743 0.9859166287884341 0
246 0.3416797172102245 8 19777 19771.14285714286 26164.67117090968 0.9860660651983907 0
247 0.3416797172102245 8 19623 19658.428571428572 26526.54135749438 1.007549449989444 0
248 0.3416797172102245 8 19667 19727.571428571428 26375.314886511685 0.9995641720358251 0
249 0.3416797172102245 8 19260 19228.85714285714 26468.08245553022 1.02427681352915 0
250 0.3416797172102245 8 19591 19576.714285714286 25798.967613704375 0.981514835529434 0
251 0.3416797172102245 8 19516 19556.428571428572 26265.680486762507 1.0031110004977601 0
252 0.3416797172102245 8 19626 19646.0 26238.463555356244 0.9964551396835103 0
253 0.3416797172102245 8 19838 19846.714285714286 26358.639724312074 0.990321605000504 0
254 0.3416797172102245 8 19430 19402.428571428572 26627.93401040927 1.0214469524299683 0
255 0.3416797172102245 8 19578 19565.285714285714 26031.84487890587 0.9910322081636823 0
256 0.3416797172102245 8 19437 19462.285714285714 26250.347004280105 1.0066000779073785 0
257 0.3416797172102245 8 19856 19893.85714285714 26112.15399340745 0.9801715206630597 0
258 0.3416797172102245 8 19937 19997.14285714286 26691.184625649177 0.9978360406709706 0
259 0.3416797172102245 8 20227 20312.85714285714 26829.760973583892 0.9886361228626518 0
260 0.3416797172102245 8 19777 19768.285714285714 27253.34842716026 1.0270949660139121 0
261 0.3416797172102245 8 19850 19910.0 26522.70798687378 0.9958834112990284 0
262 0.3416797172102245 8 19642 19651.14285714286 26712.84316965557 1.0136442317482945 0
263 0.3416797172102245 8 19837 19894.14285714286 26365.539791429157 0.990630783744662 0
264 0.3416797172102245 8 23122 23588.571428571428 26691.56796271124 0.8603988780011617 0
265 0.3416797172102245 8 23387 23879.85714285714 31648.307843678896 1.0086189519207862 0
266 0.3416797172102245 8 25070 25761.85714285714 32039.119978449133 0.9525272095276084 0
267 0.3416797172102245 8 26678 27663.85714285714 34564.16120623877 0.9656592376811283 0
268 0.3416797172102245 8 27516 28611.14285714286 37116.03602837262 1.0053734969783814 0
269 0.3416797172102245 8 29765 31211.14285714286 38386.99005763277 0.9612344316191117 0
270 0.3416797172102245 8 23341 23841.571428571428 41875.35732237935 1.3371810486758433 0
271 0.3416797172102245 8 36195 38062.57142857143 31987.752812133083 0.658697925917155 0
272 0.3416797172102245 8 40087 42472.71428571428 51067.78007057969 0.9494991251171558 0
273 0.3416797172102245 8 36388 38004.857142857145 56984.779292007806 1.1672176070604123 0
274 0.3416797172102245 8 44050 46531.71428571428 50990.34598404356 0.8627663369547592 0
275 0.3416797172102245 8 48398 51381.142857142855 62430.65726416411 0.9614387843653515 0
276 0.3416797172102245 8 49991 52880.42857142857 68937.03721850958 1.0278078625581175 0
277 0.3416797172102245 8 43041 45855.28571428572 70948.59845166976 1.2286059471533788 0
278 0.3416797172102245 8 45359 46668.142857142855 61523.106769736914 1.0109412842938714 0
279 0.3416797172102245 8 46842 47807.0 62613.70071129779 0.9962884346770602 0
280 0.3416797172102245 8 53028 55405.142857142855 64141.68224066921 0.9015425812778155 0
281 0.3416797172102245 8 60497 62846.57142857143 74335.95640056352 0.9158328984436064 0
282 0.3416797172102245 8 48667 48705.42857142857 84319.97018191789 1.2913590611414598 0
283 0.3416797172102245 8 44307 43495.0 65347.08563231708 1.0992716404050957 0
284 0.3416797172102245 8 45395 45731.28571428572 58356.35930005872 0.9581451701729266 0
285 0.3416797172102245 8 52357 53356.71428571428 61356.738484802845 0.8734512236049757 0
286 0.3416797172102245 8 39004 37884.28571428572 71587.62133412389 1.367980573421041 0
287 0.3416797172102245 8 41055 39344.57142857143 50828.57774385421 0.9227691076430573 0
288 0.3416797172102245 8 49885 48369.0 52787.8134680432 0.7887054511089792 0
289 0.3416797172102245 8 32533 30228.14285714286 64895.706241741354 1.4867672824516645 0
290 0.3416797172102245 8 30299 28297.85714285714 40556.4861603617 0.9976614032523469 0
291 0.3416797172102245 8 25003 22089.85714285714 37966.6609690839 1.1317784722976099 0
292 0.3416797172102245 8 27661 24133.0 29637.513284642828 0.798592138493082 0
293 0.3416797172102245 8 27720 26108.0 32378.75661543435 0.8705988455988456 0
294 0.3416797172102245 8 34360 33403.57142857143 35028.574056924546 0.759837019790454 0
295 0.3416797172102245 8 24049 20358.14285714286 44816.894268097254 1.3889796427531884 0
296 0.3416797172102245 8 19718 17887.285714285714 27314.107351496783 1.0324648979177837 0
297 0.3416797172102245 8 21259 19967.571428571428 23999.008438801346 0.841398264936531 0
298 0.3416797172102245 8 20669 20049.85714285714 26790.085587660673 0.9660637393474009 0
299 0.3416797172102245 8 19800 18677.0 26900.48666153397 1.0126190476190475 0
300 0.3416797172102245 8 19180 17960.0 25058.552078335364 0.9737747653806048 0
301 0.3416797172102245 8 18926 16721.14285714286 24096.567721095635 0.9489591038782627 0
302 0.3416797172102245 8 19029 18311.85714285714 22434.418220003197 0.8787189477714467 0
303 0.3416797172102245 8 19119 19033.428571428572 24568.6473130226 0.9577832074301554 0
304 0.3416797172102245 8 19010 18688.714285714286 25536.765063255298 1.0012324340572631 0
305 0.3416797172102245 8 19341 19151.285714285714 25074.26889787983 0.9662744576658026 0
306 0.3416797172102245 8 19153 19060.571428571428 25694.89160135507 0.9999104951853868 0
307 0.3416797172102245 8 18946 18912.571428571428 25573.182084150998 1.0060472621435357 0
308 0.3416797172102245 8 19170 19204.85714285714 25374.613486003887 0.9865712795290259 0
309 0.3416797172102245 8 19099 19109.0 25766.76730049133 1.005542548974142 0
310 0.3416797172102245 8 19303 19329.285714285714 25638.157716170183 0.9899497487437185 0
311 0.3416797172102245 8 19454 19517.428571428572 25933.71059101849 0.9935892728634581 0
312 0.3416797172102245 8 19354 19355.85714285714 26186.138046385044 1.0084441754380786 0
313 0.3416797172102245 8 18943 18913.0 25969.360937790076 1.0217947074305622 0
314 0.3416797172102245 8 18354 18269.428571428572 25375.18849159698 1.0304565762231666 0
315 0.3416797172102245 8 18770 18712.85714285714 24511.721759306685 0.9733313037521882 0
316 0.3416797172102245 8 19013 19000.714285714286 25106.6608796239 0.9842138085971252 0
317 0.3416797172102245 8 18909 18852.714285714286 25492.87296964942 1.0048502980440153 0
318 0.3416797172102245 8 19317 19297.428571428572 25294.304371502305 0.9759649161730231 0
319 0.3416797172102245 8 19479 19496.85714285714 25890.968508598795 0.990678606264622 0
320 0.3416797172102245 8 19438 19508.714285714286 26158.537777916717 1.0030279423221082 0
321 0.3416797172102245 8 19373 19518.571428571428 26174.446265992214 1.0070053314259169 0
322 0.3416797172102245 8 19438 19533.428571428572 26187.671394633282 1.0041450472564784 0
323 0.3416797172102245 8 19316 19359.285714285714 26207.60492186041 1.011256397361181 0
324 0.3416797172102245 8 19276 19328.428571428572 25973.960982534798 1.0043206948685264 0
325 0.3416797172102245 8 19397 19408.428571428572 25932.560579832312 0.9964648436061542 0
326 0.3416797172102245 8 19136 19087.0 26039.89495720913 1.0142364429049213 0
327 0.3416797172102245 8 19640 19668.85714285714 25608.64076239156 0.9718431771894094 0
328 0.3416797172102245 8 19611 19645.0 26389.306689276877 1.0029502392971874 0
329 0.3416797172102245 8 19304 19284.85714285714 26357.298044594863 1.0176647326978865 0
330 0.3416797172102245 8 19341 19344.571428571428 25874.101677868148 0.9970972102195926 0
331 0.3416797172102245 8 19613 19661.14285714286 25954.219123838702 0.9863137423429066 0
332 0.3416797172102245 8 19589 19616.428571428572 26378.956588601257 1.0036828249090233 0
333 0.3416797172102245 8 19652 19725.714285714286 26318.964338388858 0.9981899334128116 0
334 0.3416797172102245 8 19738 19752.0 26465.59076462683 0.9993775603259847 0
335 0.3416797172102245 8 19210 19152.714285714286 26500.857774336357 1.0282144716293597 0
336 0.3416797172102245 8 18966 18917.714285714286 25696.80828666537 1.0098446844729667 0
337 0.3416797172102245 8 19871 19946.714285714286 25381.51355312097 0.9520262838163296 0
338 0.3416797172102245 8 19537 19526.14285714286 26762.10198213029 1.0209711975080251 0
339 0.3416797172102245 8 19628 19633.571428571428 26197.829826777877 0.9948106203965181 0
340 0.3416797172102245 8 20270 20358.285714285714 26341.96456211246 0.9686024385087039 0
341 0.3416797172102245 8 20084 20133.428571428572 27314.29902002781 1.0136569266224713 0
342 0.3416797172102245 8 19445 19478.571428571428 27012.612752186542 1.0354038864195718 0
343 0.3416797172102245 8 19861 19988.85714285714 26134.004205944875 0.9807447474231623 0
344 0.3416797172102245 8 20033 20056.14285714286 26818.644198784146 0.9977964929295233 0
345 0.3416797172102245 8 20385 20506.14285714286 26908.920076899296 0.9838676898279548 0
346 0.3416797172102245 8 21092 21301.14285714286 27512.675949643897 0.9722237273441522 0
347 0.3416797172102245 8 20937 21032.285714285714 28579.311324826027 1.0173923129934022 0
348 0.3416797172102245 8 21705 21936.571428571428 28218.591149427502 0.9690064830355086 0
349 0.3416797172102245 8 21176 21423.285714285714 29431.852950847606 1.035916671164121 0
350 0.3416797172102245 8 20370 20442.714285714286 28743.1879188567 1.051707693386633 0
351 0.3416797172102245 8 20589 20668.428571428572 27427.57512186656 0.9928949577791193 0
352 0.3416797172102245 8 20437 20444.428571428572 27730.411400894012 1.0113239991891458 0
353 0.3416797172102245 8 19800 19615.428571428572 27429.875144238922 1.0325468975468977 0
354 0.3416797172102245 8 19570 19374.714285714286 26317.622658671648 1.0023213373238924 0
355 0.3416797172102245 8 19477 19158.714285714286 25994.66118388604 0.9947483845414739 0
356 0.3416797172102245 8 18667 18308.571428571428 25704.858364968633 1.026341366353152 0
357 0.3416797172102245 8 18895 18684.285714285714 24564.23893680891 0.9689638226288133 0
358 0.3416797172102245 8 19120 18910.14285714286 25068.327173417896 0.9772115959354453 0
359 0.3416797172102245 8 18865 18640.428571428572 25371.35512097638 1.0023929423346334 0
360 0.3416797172102245 8 18776 18629.714285714286 25009.48493439168 0.9927795361860126 0
361 0.3416797172102245 8 19031 18954.0 24995.109794564425 0.9789141025544789 0
362 0.3416797172102245 8 19769 19810.714285714286 25430.197360002596 0.9587738378269007 0
363 0.3416797172102245 8 19637 19775.571428571428 26579.6335405897 1.00884627416175 0
364 0.3416797172102245 8 18782 18765.85714285714 26532.48308195631 1.0529001931940916 0
365 0.3416797172102245 8 19254 19273.14285714286 25177.769904636043 0.9746471976138538 0
366 0.3416797172102245 8 19059 19086.714285714286 25858.38485832369 1.0112357866174961 0
367 0.3416797172102245 8 19024 19059.428571428572 25608.2574253295 1.0032965877688333 0
368 0.3416797172102245 8 18958 18947.571428571428 25571.648735902763 1.0053501725619038 0
369 0.3416797172102245 8 19010 18901.571428571428 25421.572276106246 0.9967160141279026 0
370 0.3416797172102245 8 18814 18696.428571428572 25359.855009114573 1.0046545885282996 0
371 0.3416797172102245 8 19256 19323.714285714286 25084.618998555452 0.970940411893881 0
372 0.3416797172102245 8 18969 18928.285714285714 25926.23551830832 1.0186996829413404 0
373 0.3416797172102245 8 18723 18675.0 25395.69702441719 1.0109643601071256 0
374 0.3416797172102245 8 19032 19033.14285714286 25055.868718900943 0.9812421185372006 0
375 0.3416797172102245 8 18854 18839.14285714286 25536.381726193238 1.0095015835972663 0
376 0.3416797172102245 8 19190 19215.714285714286 25276.095861054455 0.9817166679073923 0
377 0.3416797172102245 8 18742 18731.714285714286 25781.334108849616 1.0252755461377807 0
378 0.3416797172102245 8 18967 18925.714285714286 25131.961125719867 0.9875949958198074 0
379 0.3416797172102245 8 19030 19038.714285714286 25392.24699085865 0.9945199309361159 0
380 0.3416797172102245 8 19109 19164.14285714286 25543.856798903405 0.9963218528292578 0
381 0.3416797172102245 8 19034 19034.285714285714 25712.141769147776 1.006837388732944 0
382 0.3416797172102245 8 19375 19449.428571428572 25537.915074441473 0.9824147465437788 0
383 0.3416797172102245 8 19222 19226.571428571428 26094.90382561475 1.011831680960804 0
384 0.3416797172102245 8 19206 19272.285714285714 25795.9009172079 1.001071093854599 0
385 0.3416797172102245 8 19400 19461.85714285714 25857.234847137508 0.9934167893961708 0
386 0.3416797172102245 8 19638 19724.85714285714 26111.57898781436 0.991030509362315 0
387 0.3416797172102245 8 19641 19717.0 26464.44075344065 1.0042694945703956 0
388 0.3416797172102245 8 20182 20346.0 26453.898984233998 0.9769596670300268 0
389 0.3416797172102245 8 20408 20555.571428571428 27297.81552635923 0.9969619756958056 0
390 0.3416797172102245 8 20289 20441.428571428572 27578.993261380285 1.0131387169683783 0
391 0.3416797172102245 8 20540 20730.571428571428 27425.85010508729 0.9952010015301155 0
392 0.3416797172102245 8 20516 20675.428571428572 27813.787211892075 1.0104587360387711 0
393 0.3416797172102245 8 20594 20730.571428571428 27739.803158914485 1.0039539949222382 0
394 0.3416797172102245 8 21221 21446.714285714286 27813.787211892075 0.9768894693262065 0
395 0.3416797172102245 8 20802 20890.571428571428 28774.62155794563 1.0309928990344335 0
396 0.3416797172102245 8 20146 20108.571428571428 28028.45596664571 1.0369587723901235 0
397 0.3416797172102245 8 20215 20204.428571428572 26979.262427787315 0.9947351683686089 0
398 0.3416797172102245 8 20429 20413.14285714286 27107.87201210847 0.9890072236246793 0
399 0.3416797172102245 8 20816 20858.85714285714 27387.89973594335 0.9806467552432195 0
400 0.3416797172102245 8 20649 20656.85714285714 27985.90555275704 1.0101630656621212 0
401 0.3416797172102245 8 20216 20072.428571428572 27714.88624988058 1.0218073378936061 0
402 0.3416797172102245 8 20047 19939.14285714286 26930.77028943672 1.0012684477192884 0
403 0.3416797172102245 8 20263 20279.714285714286 26751.9435499857 0.9840173151627527 0
404 0.3416797172102245 8 20288 20298.428571428572 27208.881327961295 0.9995915953132042 0
405 0.3416797172102245 8 20551 20568.428571428572 27233.989905526232 0.9877100175869092 0
406 0.3416797172102245 8 20627 20600.0 27596.24342917299 0.9971604485106207 0
407 0.3416797172102245 8 20413 20379.285714285714 27638.602174530628 1.0091608288835545 0
408 0.3416797172102245 8 19365 19243.428571428572 27342.47429408923 1.0523772638412452 0
409 0.3416797172102245 8 18766 18583.0 25818.517803869443 1.0254411473637735 0
410 0.3416797172102245 8 18390 18122.428571428572 24932.434184917605 1.010494834148994 0
411 0.3416797172102245 8 19014 18832.0 24314.49484087678 0.9531097386887858 0
412 0.3416797172102245 8 18775 18521.285714285714 25266.51243450295 1.0030359520639147 0
413 0.3416797172102245 8 19315 19127.571428571428 24849.63337951263 0.9589068451610517 0
414 0.3416797172102245 8 19177 19000.428571428572 25663.074625204084 0.9974225076170113 0
415 0.3416797172102245 8 18782 18698.714285714286 25492.48963258736 1.0116296758294416 0
416 0.3416797172102245 8 19043 19082.571428571428 25087.685695051932 0.9819206157493192 0
417 0.3416797172102245 8 19573 19742.0 25602.699037929626 0.9749436176657348 0
418 0.3416797172102245 8 19514 19585.428571428572 26487.440977164253 1.0116839192374705 0
419 0.3416797172102245 8 19887 20045.85714285714 26277.37226715534 0.9848357505621045 0
420 0.3416797172102245 8 19995 20092.14285714286 26895.11994266513 1.002543493016111 0
421 0.3416797172102245 8 19900 20003.285714285714 26957.220546718865 1.0096554199569276 0
422 0.3416797172102245 8 19681 19809.428571428572 26838.002720418182 1.0163754745330884 0
423 0.3416797172102245 8 19748 19848.714285714286 26577.90852381043 1.003110622413843 0
424 0.3416797172102245 8 19753 19778.714285714286 26630.61736984369 1.0048455569135972 0
425 0.3416797172102245 8 19611 19624.85714285714 26536.699789638973 1.0085520516911064 0
426 0.3416797172102245 8 19053 18933.85714285714 26330.272781719625 1.0300140210390565 0
427 0.3416797172102245 8 19185 19069.285714285714 25403.17209712736 0.9869094158382664 0
428 0.3416797172102245 8 19673 19640.571428571428 25584.87386454383 0.9693125458387493 0
429 0.3416797172102245 8 19219 19153.0 26351.35632013293 1.0219351385905315 0
430 0.3416797172102245 8 19032 18929.714285714286 25697.19162372743 1.0063577133249264 0
431 0.3416797172102245 8 18988 18878.714285714286 25397.61370972749 0.9969303921273587 0
432 0.3416797172102245 8 19133 19064.714285714286 25329.18804414977 0.9867095743330522 0
433 0.3416797172102245 8 18767 18726.14285714286 25578.74047155087 1.0158637121390892 0
434 0.3416797172102245 8 19207 19210.14285714286 25124.4860530097 0.9749644846744863 0
435 0.3416797172102245 8 19210 19143.85714285714 25773.859036139445 1.0000074366029599 0
436 0.3416797172102245 8 19210 19208.714285714286 25684.924837741506 0.9965568528296274 0
437 0.3416797172102245 8 18685 18635.428571428572 25771.942350829144 1.028028594365228 0
438 0.3416797172102245 8 18526 18460.0 25002.776535805628 1.0059067565275057 0
439 0.3416797172102245 8 19149 19151.285714285714 24767.407579700746 0.9640190088255262 0
440 0.3416797172102245 8 18728 18722.428571428572 25694.89160135507 1.0226017574906938 0
441 0.3416797172102245 8 18690 18616.14285714286 25119.502671202918 1.0017350760528931 0
442 0.3416797172102245 8 19072 19052.285714285714 24976.901284116575 0.976098094439118 0
443 0.3416797172102245 8 18504 18403.14285714286 25562.06530935126 1.0296306590080908 0
444 0.3416797172102245 8 18655 18650.714285714286 24691.123504350795 0.9864992150706438 0
445 0.3416797172102245 8 19147 19235.714285714286 25023.28506862584 0.9740802363667564 0
446 0.3416797172102245 8 18419 18314.714285714286 25808.16770319382 1.0443408592059442 0
447 0.3416797172102245 8 18710 18707.428571428572 24572.480683643204 0.978873024356723 0
448 0.3416797172102245 8 61317 18707.428571428572 25099.377475444762 0.3050936701310986 1
449 0.3416797172102245 8 146937 18707.428571428572 25099.377475444762 0.12731598284590384 1
450 0.3416797172102245 8 140864 18707.428571428572 25099.377475444762 0.13280489387940547 1
451 0.3416797172102245 8 140451 18707.428571428572 25099.377475444762 0.13319541029560894 1
452 0.3416797172102245 8 140188 18707.428571428572 25099.377475444762 0.13344529183260032 1
453 0.3416797172102245 8 139533 18707.428571428572 25099.377475444762 0.13407171473005364 1
454 0.3416797172102245 8 140152 18707.428571428572 25099.377475444762 0.13347956912087286 1
455 0.3416797172102245 8 138490 18707.428571428572 25099.377475444762 0.1350814396088423 1
456 0.3416797172102245 8 139435 18707.428571428572 25099.377475444762 0.13416594521768976 1
457 0.3416797172102245 8 138965 18707.428571428572 25099.377475444762 0.13461971411095291 1
458 0.3416797172102245 8 139394 18707.428571428572 25099.377475444762 0.13420540748833215 1
459 0.3416797172102245 8 139171 18707.428571428572 25099.377475444762 0.13442045089442894 1
460 0.3416797172102245 8 138959 18707.428571428572 25099.377475444762 0.13462552674838313 1
461 0.3416797172102245 8 139159 18707.428571428572 25099.377475444762 0.13443204227846256 1
462 0.3416797172102245 8 137614 18707.428571428572 25099.377475444762 0.1359413182628844 1
463 0.3416797172102245 8 136678 18707.428571428572 25099.377475444762 0.13687227330973947 1
464 0.3416797172102245 8 137329 18707.428571428572 25099.377475444762 0.1362234383955943 1
465 0.3416797172102245 8 134875 18707.428571428572 25099.377475444762 0.13870197272606913 1
466 0.3416797172102245 8 139236 18707.428571428572 25099.377475444762 0.13435769895306224 1
467 0.3416797172102245 8 137446 18707.428571428572 25099.377475444762 0.13610747909308799 1
468 0.3416797172102245 8 137249 18707.428571428572 25099.377475444762 0.13630284061398315 1
469 0.3416797172102245 8 137527 18707.428571428572 25099.377475444762 0.1360273151557772 1
470 0.3416797172102245 8 135566 18707.428571428572 25099.377475444762 0.13799498820816852 1
471 0.3416797172102245 8 137729 18707.428571428572 25099.377475444762 0.13582781092891527 1
472 0.3416797172102245 8 138646 18707.428571428572 25099.377475444762 0.13492945033703513 1
473 0.3416797172102245 8 135827 18707.428571428572 25099.377475444762 0.13772982228443956 1
474 0.3416797172102245 8 138804 18707.428571428572 25099.377475444762 0.134775860720358 1
475 0.3416797172102245 8 138730 18707.428571428572 25099.377475444762 0.13484775154204984 1
476 0.3416797172102245 8 138666 18707.428571428572 25099.377475444762 0.1349099892650583 1
477 0.3416797172102245 8 136399 18707.428571428572 25099.377475444762 0.1371522413758794 1
478 0.3416797172102245 8 43611 18707.428571428572 25099.377475444762 0.4289612384817723 1
479 0.3416797172102245 8 16894 18707.428571428572 25099.377475444762 1.1073415751999864 0
480 0.3416797172102245 8 16861 16545.14285714286 25099.377475444762 1.1095088411973533 0
481 0.3416797172102245 8 16756 16506.285714285714 22198.282589774197 0.9874160215530472 0
482 0.3416797172102245 8 16743 16469.85714285714 22146.14874933403 0.9858618953763193 0
483 0.3416797172102245 8 16289 15880.714285714286 22097.273273921368 1.011103023074292 0
484 0.3416797172102245 8 16579 16316.142857142857 21306.832251953518 0.9578813128484399 0
485 0.3416797172102245 8 16106 15734.0 21891.037934533055 1.0130474889570877 0
486 0.3416797172102245 8 16250 16158.0 21109.988670585673 0.9682461538461539 0
487 0.3416797172102245 8 16356 16283.857142857143 21678.86087068281 0.9878943506969919 0
488 0.3416797172102245 8 16309 16245.142857142857 21847.720846520268 0.9984583446475653 0
489 0.3416797172102245 8 16193 16114.42857142857 21795.778674611127 1.003220086280668 0
490 0.3416797172102245 8 16301 16302.714285714286 21620.40196871865 0.9885546022592829 0
491 0.3416797172102245 8 16551 16547.0 21873.021092616233 0.9849987484571497 0
492 0.3416797172102245 8 16633 16708.285714285714 22200.774280677586 0.9948295557025191 0
493 0.3416797172102245 8 16074 16048.857142857143 22417.16805221049 1.039460353010185 0
494 0.3416797172102245 8 16699 16748.0 21532.426112975863 0.9610669586716056 0
495 0.3416797172102245 8 16305 16304.42857142857 22470.45190383684 1.0271695798834712 0
496 0.3416797172102245 8 16412 16443.285714285714 21875.32111498859 0.9934455624804149 0
497 0.3416797172102245 8 16454 16475.85714285714 22061.622927149783 0.9993488339787112 0
498 0.3416797172102245 8 16649 16663.0 22105.32335222463 0.9896004050007292 0
499 0.3416797172102245 8 16778 16798.714285714286 22356.409127873972 0.9931457861485279 0
500 0.3416797172102245 8 16084 16085.42857142857 22538.494232352503 1.0444363520090951 0
501 0.3416797172102245 8 17119 17179.0 21581.49325691955 0.9396243104987774 0
502 0.3416797172102245 8 16778 16845.571428571428 23048.71586195445 1.0239003456907856 0
503 0.3416797172102245 8 17475 17626.85714285714 22601.36151053035 0.9639811976292663 0
504 0.3416797172102245 8 17932 18143.14285714286 23649.5967067336 0.9829833338644401 0
505 0.3416797172102245 8 17308 17402.14285714286 24342.286777876136 1.048251840602199 0
506 0.3416797172102245 8 17799 17944.85714285714 23348.10210742336 0.9777034022778167 0
507 0.3416797172102245 8 18029 18306.85714285714 24076.250856806448 0.9953329160162594 0
508 0.3416797172102245 8 17406 17447.0 24561.93891443655 1.0517555522726152 0
509 0.3416797172102245 8 17475 17574.571428571428 23408.28602616679 0.9983977110157368 0
510 0.3416797172102245 8 17719 17753.85714285714 23579.446024376604 0.9918489434263461 0
511 0.3416797172102245 8 18078 18098.85714285714 23819.990030819295 0.9820697611935579 0
512 0.3416797172102245 8 18329 18474.85714285714 24282.869533256824 0.9874437854142147 0
513 0.3416797172102245 8 17943 17963.571428571428 24787.341106927866 1.0296414837461485 0
514 0.3416797172102245 8 17654 17600.428571428572 24101.359434371385 1.0175354836621404 0
515 0.3416797172102245 8 17847 17910.0 23614.138028493046 0.9861841525986761 0
516 0.3416797172102245 8 18182 18283.0 24029.483735235124 0.9850401495985041 0
517 0.3416797172102245 8 17423 17380.714285714286 24529.930269754535 1.0493600413246857 0
518 0.3416797172102245 8 17394 17296.285714285714 23319.351827768856 0.9992361898191495 0
519 0.3416797172102245 8 17977 17926.714285714286 23206.075725930103 0.962134155547962 0
520 0.3416797172102245 8 17495 17431.0 24051.908953365637 1.0246764381660067 0
521 0.3416797172102245 8 17810 17832.285714285714 23386.819150691426 0.9787198203256597 0
522 0.3416797172102245 8 17803 17796.714285714286 23925.216054354783 1.0016449876024105 0
523 0.3416797172102245 8 17658 17583.14285714286 23877.49059012831 1.007855605714933 0
524 0.3416797172102245 8 17650 17682.428571428572 23590.94613623841 0.9962120598947796 0
525 0.3416797172102245 8 17852 17917.428571428572 23724.155765304284 0.9905012643641369 0
526 0.3416797172102245 8 18057 18068.428571428572 24039.450498848684 0.9922705084692126 0
527 0.3416797172102245 8 18009 18082.428571428572 24242.04413614743 1.003299937332921 0
528 0.3416797172102245 8 17653 17630.571428571428 24260.827652188374 1.0243260959286564 0
529 0.3416797172102245 8 17612 17584.714285714286 23654.580088540377 1.0010544758443918 0
530 0.3416797172102245 8 17946 17987.14285714286 23593.05449007974 0.9798681759564408 0
531 0.3416797172102245 8 18444 18557.428571428572 24132.984741991342 0.9752300399665397 0
532 0.3416797172102245 8 18262 18320.571428571428 24898.12551786323 1.0161772298449552 0
533 0.3416797172102245 8 18031 18027.285714285714 24580.339093415434 1.0160596433127074 0
534 0.3416797172102245 8 17810 17781.571428571428 24186.843599210777 1.0122002085505735 0
535 0.3416797172102245 8 17606 17599.285714285714 23857.173725839122 1.009972249720063 0
536 0.3416797172102245 8 18597 18737.714285714286 23612.604680244804 0.9463507939068513 0
537 0.3416797172102245 8 17469 17400.85714285714 25140.01120402313 1.072626612039286 0
538 0.3416797172102245 8 18074 18021.14285714286 23346.377090644088 0.9627562876428649 0
539 0.3416797172102245 8 18387 18404.85714285714 24178.60185237649 0.9801024015414619 0
540 0.3416797172102245 8 18384 18434.428571428572 24693.423526723152 1.0011345269178167 0
541 0.3416797172102245 8 17900 17912.85714285714 24733.098912646372 1.029856344772546 0
542 0.3416797172102245 8 17689 17700.85714285714 24033.31710585572 1.0126551609959376 0
543 0.3416797172102245 8 17687 17557.0 23748.881005807154 1.0007834648531204 0
544 0.3416797172102245 8 17532 17541.0 23555.870795059913 1.0014259639516312 0
545 0.3416797172102245 8 17475 17389.428571428572 23534.40391958455 1.0037768240343348 0
546 0.3416797172102245 8 17734 17640.714285714286 23331.043608161686 0.9805700107944385 0
547 0.3416797172102245 8 17435 17299.428571428572 23668.188554243512 1.011798926625425 0
548 0.3416797172102245 8 17684 17653.14285714286 23210.292433612765 0.9782531424693832 0
549 0.3416797172102245 8 17410 17370.14285714286 23684.863716443127 1.0139657011569707 0
550 0.3416797172102245 8 17480 17450.428571428572 23305.168356472634 0.993715266426937 0
551 0.3416797172102245 8 17439 17425.714285714286 23412.88607091151 1.000655345571912 0
552 0.3416797172102245 8 17967 18037.285714285714 23379.727415043315 0.9698733392171363 0
553 0.3416797172102245 8 17782 17788.85714285714 24200.26039638288 1.0143564117807735 0
554 0.3416797172102245 8 17915 17983.571428571428 23866.948820921654 0.9929588134444399 0
555 0.3416797172102245 8 17967 18007.428571428572 24128.19302871559 1.0009223258513624 0
556 0.3416797172102245 8 18180 18290.0 24160.201673397605 0.9905076221907906 0
557 0.3416797172102245 8 18298 18414.85714285714 24539.322027775008 0.9995627937479507 0
558 0.3416797172102245 8 18003 18083.571428571428 24706.840323895252 1.022877139524365 0
559 0.3416797172102245 8 17609 17557.85714285714 24262.36100043661 1.0269505042064528 0
560 0.3416797172102245 8 17983 18011.714285714286 23557.02080624609 0.9763586244151221 0
561 0.3416797172102245 8 17815 17800.714285714286 24165.951729328506 1.0110420592598532 0
562 0.3416797172102245 8 18197 18229.85714285714 23882.85730899715 0.9782224699518759 0
563 0.3416797172102245 8 17884 17841.714285714286 24458.629576211362 1.0193389142729334 0
564 0.3416797172102245 8 17879 17819.14285714286 23937.866177402768 0.9979145525876327 0
565 0.3416797172102245 8 18032 18036.14285714286 23907.582549500024 0.9881955887945241 0
566 0.3416797172102245 8 17951 17999.85714285714 24198.727048134642 1.0047430704218627 0
567 0.3416797172102245 8 18617 18707.571428571428 24150.04324125301 0.96685057435984 0
568 0.3416797172102245 8 18290 18357.85714285714 25099.56914397579 1.02283058658127 0
569 0.3416797172102245 8 18300 18314.714285714286 24630.36458001427 1.0031615925058548 0
570 0.3416797172102245 8 18884 19026.85714285714 24572.480683643204 0.969853541925137 0
571 0.3416797172102245 8 18805 18937.285714285714 25527.948310827913 1.0117977741482127 0
572 0.3416797172102245 8 18718 18816.0 25407.772141872083 1.0117152320913407 0
573 0.3416797172102245 8 18631 18728.14285714286 25245.045559027585 1.009929687080672 0
574 0.3416797172102245 8 18542 18531.285714285714 25127.16941244412 1.0100389848529208 0
575 0.3416797172102245 8 18769 18837.428571428572 24863.05017668473 0.9873347388931597 0
576 0.3416797172102245 8 18557 18593.714285714286 25273.795838682094 1.0151117406600514 0
577 0.3416797172102245 8 18621 18583.428571428572 24946.809324744856 0.9985346805066476 0
578 0.3416797172102245 8 19005 19033.571428571428 24933.009190510696 0.9778178674784832 0
579 0.3416797172102245 8 18748 18752.285714285714 25536.956731786322 1.0152321009479106 0
580 0.3416797172102245 8 18707 18717.85714285714 25159.561394188193 1.0024207897731177 0
581 0.3416797172102245 8 19113 19194.571428571428 25113.369278209953 0.9793259636298405 0
582 0.3416797172102245 8 19001 19034.14285714286 25752.96716625717 1.0101874337440886 0
583 0.3416797172102245 8 18823 18861.0 25537.72340591045 1.011217279771708 0
584 0.3416797172102245 8 19155 19231.285714285714 25305.421146302047 0.9846515270164448 0
585 0.3416797172102245 8 18671 18623.285714285714 25802.225978731887 1.0300083399006863 0
586 0.3416797172102245 8 19141 19197.14285714286 24986.48471066807 0.9729525998790928 0
587 0.3416797172102245 8 18770 18779.0 25756.417199815714 1.022756678590456 0
588 0.3416797172102245 8 19065 19058.14285714286 25195.40340949081 0.9849986886965644 0
589 0.3416797172102245 8 19467 19533.571428571428 25569.923719123493 0.9789974242124034 0
590 0.3416797172102245 8 19234 19292.714285714286 26207.796590391437 1.0155750976693059 0
591 0.3416797172102245 8 19284 19302.428571428572 25884.643447074803 1.0004518920200314 0
592 0.3416797172102245 8 19496 19613.85714285714 25897.676907184847 0.9900712234011373 0
593 0.3416797172102245 8 19583 19646.14285714286 26315.514304830314 1.0015757107111853 0
594 0.3416797172102245 8 19451 19548.285714285714 26358.831392843105 1.010032535969506 0
595 0.3416797172102245 8 18926 18906.14285714286 26227.53844908753 1.0328799384067269 0
596 0.3416797172102245 8 20018 20096.714285714286 25365.988402107538 0.944457131438848 0
597 0.3416797172102245 8 19640 19698.0 26963.353939711826 1.023254291533314 0
598 0.3416797172102245 8 19136 19114.85714285714 26428.407069607005 1.02936872909699 0
599 0.3416797172102245 8 19248 19212.571428571428 25646.016125942413 0.9930827692673079 0
600 0.3416797172102245 8 19312 19273.285714285714 25777.117401166954 0.9948514617114451 0
601 0.3416797172102245 8 18601 18479.571428571428 25858.57652685472 1.0361424500986889 0
602 0.3416797172102245 8 19720 19833.428571428572 24793.66616845186 0.937097942625326 0
603 0.3416797172102245 8 19221 19107.14285714286 26610.108837023476 1.0318624718499856 0
604 0.3416797172102245 8 19847 19876.571428571428 25635.666025266793 0.9627219658962493 0
605 0.3416797172102245 8 19378 19412.571428571428 26667.99273339454 1.0257287350898663 0
606 0.3416797172102245 8 19238 19236.571428571428 26045.453344609 1.0090743023480313 0
607 0.3416797172102245 8 19162 19140.571428571428 25809.31771438 1.0038916307573023 0
608 0.3416797172102245 8 19024 19084.428571428572 25680.51646152782 1.006127598221795 0
609 0.3416797172102245 8 18417 18230.85714285714 25605.19072883302 1.0362398094927823 0
610 0.3416797172102245 8 18996 18963.85714285714 24459.971255928573 0.9597208434858465 0
611 0.3416797172102245 8 18434 18232.14285714286 25443.422488643668 1.028743470915544 0
612 0.3416797172102245 8 18409 18270.571428571428 24461.696272707846 0.9903928978837991 0
613 0.3416797172102245 8 19125 19108.85714285714 24513.255107554924 0.9553239962651727 0
614 0.3416797172102245 8 19319 19341.428571428572 25637.96604763915 0.9891224775017932 0
615 0.3416797172102245 8 19564 19641.14285714286 25950.002416156047 0.9886234191079827 0
616 0.3416797172102245 8 18900 18969.0 26352.122994257054 1.0392139077853364 0
617 0.3416797172102245 8 18909 18896.571428571428 25450.32255576075 1.0031730921783277 0
618 0.3416797172102245 8 17851 17767.714285714286 25353.14661052852 1.0585721488191937 0
619 0.3416797172102245 8 17826 17742.714285714286 23838.581878329212 0.9967302976390826 0
620 0.3416797172102245 8 17252 16984.428571428572 23805.039885398957 1.0284439071246398 0
621 0.3416797172102245 8 16971 16635.571428571428 22787.663322691547 1.0007912657727047 0
622 0.3416797172102245 8 17107 16756.0 22319.608769916205 0.9724423586000718 0
623 0.3416797172102245 8 18015 17888.571428571428 22481.185341574525 0.9301137940605051 0
624 0.3416797172102245 8 17161 16911.285714285714 24000.733455580616 1.0423967967234675 0
625 0.3416797172102245 8 17467 17412.14285714286 22689.529034804167 0.9681849037777359 0
626 0.3416797172102245 8 17803 17799.714285714286 23361.51890459546 0.9780454337551457 0
627 0.3416797172102245 8 17778 17853.14285714286 23881.51562927994 1.0012214133037622 0
628 0.3416797172102245 8 17728 17836.14285714286 23953.199659885173 1.0070590510572461 0
629 0.3416797172102245 8 18697 18924.14285714286 23930.391104692597 0.95395747216895 0
630 0.3416797172102245 8 18355 18403.571428571428 25390.138637017324 1.0310075106043508 0
631 0.3416797172102245 8 17374 17404.428571428572 24691.698509943883 1.0592593201664227 0
632 0.3416797172102245 8 17738 17776.714285714286 23351.16880391984 0.9811945299035163 0
633 0.3416797172102245 8 17500 17456.714285714286 23850.656995784102 1.0158122448979592 0
634 0.3416797172102245 8 18046 18084.285714285714 23421.319486276832 0.9673453555200203 0
635 0.3416797172102245 8 17994 18032.0 24263.31934309176 1.00501754553105 0
636 0.3416797172102245 8 17699 17556.428571428572 24193.16866073477 1.018814622295045 0
637 0.3416797172102245 8 18189 18165.285714285714 23555.104120935794 0.9652223086166679 0
638 0.3416797172102245 8 17878 17950.0 24371.995400185788 1.0160692311380308 0
639 0.3416797172102245 8 17807 17816.85714285714 24083.15092392353 1.008030549783793 0
640 0.3416797172102245 8 18138 18229.14285714286 23904.51585300354 0.9822944725359544 0
641 0.3416797172102245 8 17569 17500.85714285714 24457.671233556215 1.0375742988868382 0
642 0.3416797172102245 8 18108 18124.285714285714 23480.54506236511 0.9664710151787685 0
643 0.3416797172102245 8 18110 18168.714285714286 24316.98653178017 1.0007888301648655 0
644 0.3416797172102245 8 18440 18475.85714285714 24376.59544493051 0.9852881933684537 0
645 0.3416797172102245 8 19129 19307.714285714286 24788.682786645077 0.9658558807494977 0
646 0.3416797172102245 8 18544 18649.285714285714 25904.768642832958 1.041183902378898 0
647 0.3416797172102245 8 18601 18667.14285714286 25021.368383315537 1.0025958665816739 0
648 0.3416797172102245 8 18586 18731.285714285714 25045.326949694296 1.0043658052912332 0
649 0.3416797172102245 8 18776 18871.428571428572 25131.386120126775 0.9976185403859029 0
650 0.3416797172102245 8 18630 18704.285714285714 25319.41294906724 1.012959128901158 0
651 0.3416797172102245 8 18603 18626.285714285714 25095.1607677621 1.0054445903502507 0
652 0.3416797172102245 8 18305 18187.285714285714 24990.509749819703 1.0175518008350568 0
653 0.3416797172102245 8 18156 18100.571428571428 24401.512353964416 1.0017231611745823 0
654 0.3416797172102245 8 18631 18635.285714285714 24285.169555629185 0.971529785227386 0
655 0.3416797172102245 8 18170 18110.571428571428 25002.584867274596 1.0256073590691093 0
656 0.3416797172102245 8 18314 18248.0 24298.586352801285 0.9888921824053417 0
657 0.3416797172102245 8 18628 18627.714285714286 24482.97147965218 0.979600601245437 0
658 0.3416797172102245 8 18430 18405.285714285714 24992.426435130004 1.0107278505542205 0
659 0.3416797172102245 8 17756 17677.571428571428 24693.998532316244 1.03656711614585 0
660 0.3416797172102245 8 17342 17225.714285714286 23717.63903524926 1.0193502150023888 0
661 0.3416797172102245 8 17472 17306.428571428572 23111.39147160127 0.9859039769754055 0
662 0.3416797172102245 8 17575 17490.0 23219.684191633238 0.9847185531396059 0
663 0.3416797172102245 8 17389 17256.85714285714 23465.97825400683 1.0058082695957213 0
664 0.3416797172102245 8 17388 17210.85714285714 23153.175211365815 0.9924578527062998 0
665 0.3416797172102245 8 18082 18032.285714285714 23091.457944374142 0.9518226492012577 0
666 0.3416797172102245 8 17451 17407.428571428572 24193.55199779683 1.0333095933921101 0
667 0.3416797172102245 8 17440 17454.0 23355.193843071473 0.9981323722149411 0
668 0.3416797172102245 8 17854 17908.571428571428 23417.67778418726 0.9775960569060155 0
669 0.3416797172102245 8 16985 16900.714285714286 24027.567049924823 1.0543757096597839 0
670 0.3416797172102245 8 18024 18114.714285714286 22675.345563507948 0.937678333650371 0
671 0.3416797172102245 8 19622 19941.14285714286 24304.144740201158 0.9231838898029908 0
672 0.3416797172102245 8 19607 19824.85714285714 26754.62690942012 1.0170420185210822 0
673 0.3416797172102245 8 19530 19827.0 26598.60872516167 1.0150976519640114 0
674 0.3416797172102245 8 18683 18860.571428571428 26601.483753127122 1.0612321361665686 0
675 0.3416797172102245 8 17417 17354.571428571428 25304.846140708956 1.082882897661562 0
676 0.3416797172102245 8 17518 17594.14285714286 23284.276486590355 0.990670820217572 0
677 0.3416797172102245 8 17458 17377.14285714286 23605.704613127724 1.0077983077753958 0
678 0.3416797172102245 8 17766 17500.85714285714 23314.560114493106 0.9781122851031666 0
679 0.3416797172102245 8 17538 17242.428571428572 23480.54506236511 0.9978821497808839 0
680 0.3416797172102245 8 17570 17290.0 23133.816689731782 0.9813562078217742 0
681 0.3416797172102245 8 17466 17292.14285714286 23197.642310564785 0.9899232795144853 0
682 0.3416797172102245 8 17848 17909.571428571428 23200.517338530237 0.9688560542998016 0
683 0.3416797172102245 8 17780 17817.428571428572 24028.908729642033 1.0072874819219026 0
684 0.3416797172102245 8 17920 17986.0 23905.282527127663 0.9942761479591837 0
685 0.3416797172102245 8 17751 17748.85714285714 24131.4513937431 1.0132386907779842 0
686 0.3416797172102245 8 18180 18271.714285714286 23813.281632233244 0.9762847713342762 0
687 0.3416797172102245 8 17525 17518.571428571428 24514.788455803166 1.0426085184430405 0
688 0.3416797172102245 8 17800 17847.714285714286 23504.31196021283 0.9841894060995184 0
689 0.3416797172102245 8 17889 17894.85714285714 23945.91625570603 0.9976921172628032 0
690 0.3416797172102245 8 18149 18201.714285714286 24009.166870945937 0.9859968672024432 0
691 0.3416797172102245 8 17782 17762.285714285714 24420.870875598448 1.0236033227822678 0
692 0.3416797172102245 8 17690 17681.285714285714 23831.29847415007 1.0040862472744891 0
693 0.3416797172102245 8 17840 17791.428571428572 23722.62241705604 0.9911034593209481 0
694 0.3416797172102245 8 17513 17511.285714285714 23870.398854480198 1.015898393846204 0
695 0.3416797172102245 8 17784 17781.714285714286 23494.536865130303 0.984665188612557 0
696 0.3416797172102245 8 18217 18263.85714285714 23857.365394370154 0.976105521530125 0
697 0.3416797172102245 8 18315 18338.714285714286 24504.24668659651 0.9972075972075971 0
698 0.3416797172102245 8 18493 18594.571428571428 24604.68099685625 0.991657074877753 0
699 0.3416797172102245 8 17878 17904.85714285714 24947.959335931035 1.0400811851757148 0
700 0.3416797172102245 8 18215 18268.571428571428 24022.58366811804 0.9829732167365984 0
701 0.3416797172102245 8 18274 18382.714285714286 24510.571748120503 0.9997029346925373 0
702 0.3416797172102245 8 18473 18571.428571428572 24663.7149044135 0.9951125580963723 0
703 0.3416797172102245 8 18525 18569.0 24916.909033904172 1.0025062656641606 0
704 0.3416797172102245 8 18457 18477.285714285714 24913.65066887666 1.0060681584222788 0
705 0.3416797172102245 8 18329 18305.571428571428 24790.59947195538 1.0080902239230571 0
706 0.3416797172102245 8 18866 19007.14285714286 24560.21389765728 0.9702942557283699 0
707 0.3416797172102245 8 18623 18681.285714285714 25501.498053545773 1.0206273348624206 0
708 0.3416797172102245 8 18874 18959.714285714286 25064.302134266265 0.9897894306604702 0
709 0.3416797172102245 8 17407 17254.714285714286 25437.8641012438 1.0892005679160273 0
710 0.3416797172102245 8 17212 17024.428571428572 23150.300183400366 1.0024816573154942 0
711 0.3416797172102245 8 17380 17226.14285714286 22841.330511379954 0.9795413447312182 0
712 0.3416797172102245 8 17604 17500.428571428572 23111.96647719436 0.9785357224007531 0
713 0.3416797172102245 8 17506 17311.714285714286 23479.97005677202 0.9996817417701687 0
714 0.3416797172102245 8 17468 17303.0 23226.77592728135 0.9910530275769571 0
715 0.3416797172102245 8 17482 17283.14285714286 23215.084146888516 0.9897608969225489 0
716 0.3416797172102245 8 17343 17333.85714285714 23188.442221075344 0.9965486281002629 0
717 0.3416797172102245 8 17328 17344.571428571428 23256.484549591 1.0003380160928637 0
718 0.3416797172102245 8 17570 17597.14285714286 23270.859689418256 0.9871696885925685 0
719 0.3416797172102245 8 17495 17479.428571428572 23609.729652279355 1.005838402808966 0
720 0.3416797172102245 8 17397 17381.428571428572 23451.794782710607 1.0047380911322972 0
721 0.3416797172102245 8 18405 18538.85714285714 23320.310170424007 0.9443862304498002 0
722 0.3416797172102245 8 17288 17260.285714285714 24873.20860882932 1.0723540688834534 0
723 0.3416797172102245 8 17036 16992.14285714286 23157.775256110537 1.0131653976453225 0
724 0.3416797172102245 8 17256 17245.714285714286 22798.013423367167 0.9847092522683623 0
725 0.3416797172102245 8 17251 17205.428571428572 23138.225065945473 0.9996935995428837 0
726 0.3416797172102245 8 17210 17169.285714285714 23084.174540195007 0.9997343737029967 0
727 0.3416797172102245 8 17189 17159.285714285714 23035.682401844406 0.9988530871072031 0
728 0.3416797172102245 8 17115 16930.714285714286 23022.265604672302 1.0025875380827176 0
729 0.3416797172102245 8 17521 17554.285714285714 22715.595955024255 0.9663098159759309 0
730 0.3416797172102245 8 18238 18409.714285714286 23552.22909297034 0.9625115535851362 0
731 0.3416797172102245 8 17583 17629.714285714286 24699.940256778176 1.0470178175347942 0
732 0.3416797172102245 8 17960 18061.285714285714 23653.4300773542 0.9816099268215082 0
733 0.3416797172102245 8 17787 17869.428571428572 24232.460709595925 1.0154205720068428 0
734 0.3416797172102245 8 18228 18376.428571428572 23975.049872422594 0.9803285369447319 0
735 0.3416797172102245 8 18264 18428.14285714286 24655.28148904818 1.006155747450097 0
736 0.3416797172102245 8 18255 18359.85714285714 24724.66549728105 1.0094846813006222 0
737 0.3416797172102245 8 17909 17862.0 24633.04793944869 1.0251748921133028 0
738 0.3416797172102245 8 17411 17386.428571428572 23965.08310880903 1.0259031646660157 0
739 0.3416797172102245 8 17813 17792.0 23327.018569010055 0.9760528025278489 0
740 0.3416797172102245 8 18379 18463.571428571428 23871.165528604317 0.9680613743946896 0
741 0.3416797172102245 8 18457 18489.714285714286 24772.199292976497 1.0003560399074296 0
742 0.3416797172102245 8 18234 18229.714285714286 24807.274634154994 1.014024036728874 0
743 0.3416797172102245 8 17764 17693.85714285714 24458.437907680334 1.026216746550005 0
744 0.3416797172102245 8 17811 17797.0 23739.48924778668 0.9934230050450363 0
745 0.3416797172102245 8 17322 17309.285714285714 23877.87392719037 1.0274217757764692 0
746 0.3416797172102245 8 17466 17416.428571428572 23223.517562253837 0.991027465606648 0
747 0.3416797172102245 8 17552 17433.85714285714 23367.268960526362 0.9922760125016279 0
748 0.3416797172102245 8 17153 16966.714285714286 23390.652521312022 1.0163736455930241 0
749 0.3416797172102245 8 17791 17727.714285714286 22763.89642484382 0.9536683877080707 0
750 0.3416797172102245 8 17722 17716.0 23784.914689640802 1.000322440227643 0
751 0.3416797172102245 8 17402 17343.571428571428 23769.19787009634 1.0180439029996553 0
752 0.3416797172102245 8 18572 18750.571428571428 23269.518009701045 0.9338558813574966 0
753 0.3416797172102245 8 17657 17684.285714285714 25157.26137181583 1.06193415804335 0
754 0.3416797172102245 8 17554 17554.285714285714 23726.647456207673 1.007421995800713 0
755 0.3416797172102245 8 17433 17473.0 23552.22909297034 1.0069572485679867 0
756 0.3416797172102245 8 17294 17223.0 23443.169698814254 1.0103504105470105 0
757 0.3416797172102245 8 16943 16831.714285714286 23107.749769511698 1.0165259989376143 0
758 0.3416797172102245 8 16953 16888.85714285714 22582.76966302044 0.9928457668680638 0
759 0.3416797172102245 8 16651 16376.57142857143 22659.437075432452 1.0142848563363847 0
760 0.3416797172102245 8 17100 17020.428571428572 21972.11372315876 0.9576942355889725 0
761 0.3416797172102245 8 17415 17395.14285714286 22835.963792511113 0.9773430130019278 0
762 0.3416797172102245 8 17042 16986.14285714286 23338.71034940289 1.020721913926937 0
763 0.3416797172102245 8 17464 17488.285714285714 22789.96334506391 0.972637589163013 0
764 0.3416797172102245 8 17776 17895.0 23463.67823163447 0.9838144528738588 0
765 0.3416797172102245 8 17421 17487.85714285714 24009.35853947697 1.027208541415533 0
766 0.3416797172102245 8 17530 17655.571428571428 23463.103226041378 0.9975959579496373 0
767 0.3416797172102245 8 17157 17165.14285714286 23688.122081470636 1.0290593593618598 0
768 0.3416797172102245 8 17319 17305.285714285714 23030.124014444536 0.9911162802207321 0
769 0.3416797172102245 8 17346 17389.428571428572 23218.150843384996 0.9976528141522952 0
770 0.3416797172102245 8 17477 17478.85714285714 23331.043608161686 0.9949893329191837 0
771 0.3416797172102245 8 17471 17427.428571428572 23451.028108586484 1.0004497248501598 0
772 0.3416797172102245 8 16944 16875.85714285714 23382.027437415676 1.02853095912586 0
773 0.3416797172102245 8 17229 17186.0 22641.995239108717 0.9795029974378746 0
774 0.3416797172102245 8 18251 18407.285714285714 23058.10761997492 0.9416470330392855 0
775 0.3416797172102245 8 17312 17311.0 24696.681891750664 1.063267428043306 0
776 0.3416797172102245 8 16794 16715.14285714286 23225.8175846262 1.0307848040967011 0
777 0.3416797172102245 8 16961 16887.285714285714 22426.368141699935 0.9855045608833712 0
778 0.3416797172102245 8 17211 17173.85714285714 22657.328721591122 0.9811914307295168 0
779 0.3416797172102245 8 17141 17169.14285714286 23041.815794837366 1.0019168743280522 0
780 0.3416797172102245 8 17345 17361.571428571428 23035.490733313378 0.9898612197833876 0
781 0.3416797172102245 8 17487 17377.85714285714 23293.668244610828 0.99282732478821 0
782 0.3416797172102245 8 17139 17114.285714285714 23315.51845714825 1.013936469038867 0
783 0.3416797172102245 8 17930 18092.285714285714 22961.890017397844 0.9545056170823042 0
784 0.3416797172102245 8 17340 17394.14285714286 24274.052780829443 1.0433844125885647 0
785 0.3416797172102245 8 17340 17358.428571428572 23337.36866968568 1.0031224254407647 0
786 0.3416797172102245 8 17499 17550.14285714286 23289.45153692817 0.9919668879037986 0
787 0.3416797172102245 8 17971 18060.428571428572 23546.670705570476 0.9765813175194957 0
788 0.3416797172102245 8 17811 17857.285714285714 24231.310698409747 1.0140041868187397 0
789 0.3416797172102245 8 17966 18084.14285714286 23958.75804728504 0.9939488875813043 0
790 0.3416797172102245 8 17780 17758.571428571428 24263.127674560736 1.0171058974771012 0
791 0.3416797172102245 8 17882 17959.428571428572 23826.315092343288 0.9930976081294837 0
792 0.3416797172102245 8 18327 18468.0 24095.801046971515 0.979943720817841 0
793 0.3416797172102245 8 18101 18187.0 24778.14101743843 1.0202751229213856 0
794 0.3416797172102245 8 18018 18024.714285714286 24401.129016902356 1.0093795093795095 0
795 0.3416797172102245 8 18255 18318.428571428572 24183.39356565224 0.987385060844387 0
796 0.3416797172102245 8 17966 17966.0 24577.464065449985 1.0196164183139582 0
797 0.3416797172102245 8 18042 18079.428571428572 24104.617799398897 0.9957876066954883 0
798 0.3416797172102245 8 17940 17948.285714285714 24256.802613036743 1.007771938206721 0
799 0.3416797172102245 8 17767 17687.0 24080.85090155117 1.010203507304875 0
800 0.3416797172102245 8 17964 17944.428571428572 23730.289158297244 0.98458027165442 0
801 0.3416797172102245 8 17620 17563.14285714286 24075.67585121336 1.0184125182422572 0
802 0.3416797172102245 8 17727 17651.571428571428 23564.112541894207 0.9907566343511512 0
803 0.3416797172102245 8 17599 17546.571428571428 23682.755362601794 1.0029871827133034 0
804 0.3416797172102245 8 17819 17787.14285714286 23541.878992294718 0.9847113434295655 0
805 0.3416797172102245 8 17946 17946.85714285714 23864.648798549297 0.9911480473165529 0
806 0.3416797172102245 8 17802 17807.0 24078.93421624087 1.008137127449564 0
807 0.3416797172102245 8 17907 17898.85714285714 23891.29072436247 0.9944155916680628 0
808 0.3416797172102245 8 17877 17913.714285714286 24014.53358981478 1.0012226404238487 0
809 0.3416797172102245 8 17543 17516.714285714286 24034.467117041906 1.0211317497414516 0
810 0.3416797172102245 8 17828 17860.714285714286 23501.820269309446 0.9825395044712972 0
811 0.3416797172102245 8 17715 17700.14285714286 23963.35809202976 1.0082254747792427 0
812 0.3416797172102245 8 17235 17133.428571428572 23747.922663152007 1.0269882713746945 0
813 0.3416797172102245 8 17529 17490.0 22987.57360055587 0.9774333145888854 0
814 0.3416797172102245 8 17335 17253.285714285714 23465.97825400683 1.0089414479376984 0
815 0.3416797172102245 8 17507 17454.14285714286 23148.383498090065 0.985507837681254 0
816 0.3416797172102245 8 17408 17388.714285714286 23417.869452718292 1.0026506696428572 0
817 0.3416797172102245 8 17057 16946.85714285714 23330.085265506536 1.0194473990569435 0
818 0.3416797172102245 8 17715 17715.0 22737.254499030645 0.9566388452078545 0
819 0.3416797172102245 8 17629 17685.285714285714 23767.85619037913 1.0048783254864144 0
820 0.3416797172102245 8 17397 17378.14285714286 23727.989135924883 1.0165710015684148 0
821 0.3416797172102245 8 17270 17260.714285714286 23315.901794210316 1.006261890975267 0
822 0.3416797172102245 8 17289 17257.85714285714 23158.35026170363 0.998363947348851 0
823 0.3416797172102245 8 17330 17318.85714285714 23154.516891083025 0.9958371115324375 0
824 0.3416797172102245 8 17594 17670.714285714286 23236.35935383285 0.9843615518277334 0
825 0.3416797172102245 8 17386 17339.0 23708.43894575982 1.0163760661287407 0
826 0.3416797172102245 8 17409 17377.571428571428 23263.384616708085 0.995979091274628 0
827 0.3416797172102245 8 17410 17411.85714285714 23315.13512008619 0.9981373594814146 0
828 0.3416797172102245 8 17089 17063.14285714286 23361.135567533398 1.01889268786103 0
829 0.3416797172102245 8 17342 17349.571428571428 22893.272683289095 0.983920127848164 0
830 0.3416797172102245 8 17332 17332.285714285714 23277.568088004304 1.0010138142494478 0
831 0.3416797172102245 8 17658 17667.14285714286 23254.37619574967 0.981554293480899 0
832 0.3416797172102245 8 17056 17008.85714285714 23703.64723248407 1.0358315465022783 0
833 0.3416797172102245 8 17010 16953.0 22820.43864149768 0.9999328126312252 0
834 0.3416797172102245 8 17354 17346.0 22745.49624586494 0.9768929353463178 0
835 0.3416797172102245 8 17605 17678.714285714286 23272.776374728557 0.9852882703777336 0
836 0.3416797172102245 8 17305 17299.714285714286 23719.172383497502 1.0215957402897593 0
837 0.3416797172102245 8 17776 17839.428571428572 23210.675770674825 0.9732062491963482 0
838 0.3416797172102245 8 17883 17915.14285714286 23934.799480906287 0.9975635280114395 0
839 0.3416797172102245 8 18823 19075.428571428572 24036.383802352208 0.9517687327813238 0
840 0.3416797172102245 8 17449 17511.714285714286 25593.115611378125 1.0932104172977577 0
841 0.3416797172102245 8 17094 17056.85714285714 23495.111870723395 1.024436310150596 0
842 0.3416797172102245 8 16889 16786.714285714286 22884.83926792377 1.0099388443873019 0
843 0.3416797172102245 8 17085 17053.571428571428 22522.394075745982 0.9825410761319453 0
844 0.3416797172102245 8 17337 17274.285714285714 22880.43089171008 0.9836518099193302 0
845 0.3416797172102245 8 17282 17196.14285714286 23176.55877215148 0.9995536230925653 0
846 0.3416797172102245 8 17540 17356.714285714286 23071.716085678054 0.9803958299397297 0
847 0.3416797172102245 8 17269 17243.285714285714 23287.151514555808 1.0050792915463713 0
848 0.3416797172102245 8 17257 17280.285714285714 23134.96670091796 0.9992052914345317 0
849 0.3416797172102245 8 17462 17543.85714285714 23184.60885045474 0.9895937300587397 0
850 0.3416797172102245 8 17062 17058.714285714286 23538.23729020515 1.0282415392601771 0
851 0.3416797172102245 8 17544 17573.571428571428 22887.330958827162 0.9723389355742297 0
852 0.3416797172102245 8 17504 17535.714285714286 23578.104344659398 1.0039746017236877 0
853 0.3416797172102245 8 17509 17504.571428571428 23527.31218393644 1.0015257459429028 0
854 0.3416797172102245 8 18403 18565.0 23485.52844417189 0.9511803199788854 0
855 0.3416797172102245 8 17702 17765.571428571428 24908.28395000782 1.04875155349678 0
856 0.3416797172102245 8 18195 18299.714285714286 23835.70685036376 0.9763985396301966 0
857 0.3416797172102245 8 17639 17721.428571428572 24552.355487885052 1.037457581819507 0
858 0.3416797172102245 8 17861 17906.285714285714 23776.48127427548 0.9921856878914155 0
859 0.3416797172102245 8 18655 18819.428571428572 24024.500353428342 0.9598652218861278 0
860 0.3416797172102245 8 17626 17642.714285714286 25249.645603772307 1.0677084177594787 0
861 0.3416797172102245 8 18053 18003.0 23670.871913677933 0.977273266809632 0
862 0.3416797172102245 8 18011 18055.14285714286 24154.259948935673 0.9995558269946144 0
863 0.3416797172102245 8 17449 17342.428571428572 24224.21896276164 1.0347379710667006 0
864 0.3416797172102245 8 17514 17496.14285714286 23267.984661452807 0.9902037553630566 0
865 0.3416797172102245 8 18199 18247.285714285714 23474.220000841124 0.9613793536536546 0
866 0.3416797172102245 8 17710 17575.0 24482.01313699703 1.03033798499637 0
867 0.3416797172102245 8 17129 17058.0 23580.0210299697 1.02603771381867 0
868 0.3416797172102245 8 17522 17446.14285714286 22886.37261617201 0.9735190046798311 0
869 0.3416797172102245 8 17422 17337.85714285714 23407.13601498061 1.0013857684044805 0
870 0.3416797172102245 8 18043 18127.85714285714 23261.851268459843 0.9609187575711988 0
871 0.3416797172102245 8 17475 17469.428571428572 24321.77824505592 1.0373594931534844 0
872 0.3416797172102245 8 17723 17655.0 23438.377985538504 0.985692522226969 0
873 0.3416797172102245 8 17732 17735.14285714286 23687.355407346517 0.9956575682382134 0
874 0.3416797172102245 8 17428 17470.714285714286 23794.881453254366 1.0176235286402833 0
875 0.3416797172102245 8 17467 17459.14285714286 23440.103002317774 1.0002126458873468 0
876 0.3416797172102245 8 17410 17408.285714285714 23424.577851304344 1.0028226799048168 0
877 0.3416797172102245 8 17171 17046.428571428572 23356.343854257648 1.013818980507001 0
878 0.3416797172102245 8 17970 18040.714285714286 22870.84746515858 0.9486048175530647 0
879 0.3416797172102245 8 17543 17517.285714285714 24204.860441127603 1.0283711044698334 0
880 0.3416797172102245 8 17906 17930.85714285714 23502.586943433565 0.9782913947439804 0
881 0.3416797172102245 8 17561 17580.0 24057.467340765506 1.0210612802720314 0
882 0.3416797172102245 8 18438 18576.714285714286 23586.729428555747 0.9534656687276277 0
883 0.3416797172102245 8 17574 17597.428571428572 24924.000769552284 1.057056690890764 0
884 0.3416797172102245 8 17963 18076.14285714286 23610.112989341415 0.9796486428452136 0
885 0.3416797172102245 8 17304 17208.85714285714 24252.394236823053 1.0446222178191666 0
886 0.3416797172102245 8 17810 17848.14285714286 23088.77458493972 0.966246891794337 0
887 0.3416797172102245 8 18179 18218.0 23946.49126129912 0.9818000361484602 0
888 0.3416797172102245 8 18014 18078.714285714286 24442.721088135873 1.0113245253691574 0
889 0.3416797172102245 8 17987 17922.571428571428 24255.844270381593 1.0050989206490402 0
890 0.3416797172102245 8 18013 18075.714285714286 24046.350565965764 0.994979816164516 0
891 0.3416797172102245 8 17991 17995.0 24251.81923122996 1.0047087035581284 0
892 0.3416797172102245 8 17983 18080.0 24143.526511197993 1.0006672968915087 0
893 0.3416797172102245 8 17206 17119.714285714286 24257.569287160863 1.0507962338719052 0
894 0.3416797172102245 8 18165 18163.0 22969.173421576987 0.9424560575675357 0
895 0.3416797172102245 8 16883 16721.428571428572 24368.92870368931 1.0758159094947581 0
896 0.3416797172102245 8 17803 17776.714285714286 22434.801557065257 0.9392477993275612 0
897 0.3416797172102245 8 18387 18440.428571428572 23850.656995784102 0.9668088478661166 0
898 0.3416797172102245 8 17903 17890.428571428572 24741.148990949634 1.030018911435434 0
899 0.3416797172102245 8 17969 17967.0 24003.22514648401 0.9956273900288592 0
