16577
16493
16399
16259
16026
16410
16283
16636
16869
15903
16481
16401
16432
17678
15908
16273
15738
15257
15219
16089
16056
15319
15578
16004
15602
15774
15543
15624
15895
16487
15709
16001
16013
15853
15413
15726
16319
16521
16350
15914
16537
16223
17109
17228
17047
16819
17039
17227
16981
16972
16805
17012
17064
17522
19398
17294
17792
17576
17142
17822
18709
18413
18334
17983
18355
18592
18722
18663
18893
18406
18797
18610
18604
18581
18939
18906
18653
18583
18527
18597
18549
19092
18288
17630
18143
17941
17544
17719
17747
17755
17361
17466
17858
18183
18078
17868
17685
17731
17390
17650
17674
18073
18150
18193
18158
18652
18571
22234
19590
19216
18724
18549
18559
18476
18652
18229
18490
18525
18555
18285
18889
18370
18225
18498
18923
18619
18427
19344
18588
18467
18751
19133
18809
18387
19356
18972
19094
19170
18809
18921
18752
19163
18849
18045
19196
19120
18756
18729
18813
18378
18784
18595
18991
18736
19191
19160
18686
18879
18980
19152
19112
19457
18769
19938
18475
19041
18869
18964
19100
19162
18641
18721
18913
18450
18019
18084
18124
17662
18168
18890
18420
18162
17877
18022
18190
18045
18452
18663
18567
18569
18663
18878
18607
19117
18573
19627
18925
19365
18883
20113
18885
18795
18893
19257
19554
18831
19041
19102
18902
19513
19818
19810
20257
20819
20202
20756
19973
20136
19866
20087
19666
20279
19741
19230
19770
19651
19436
19447
20120
19342
20134
19620
19311
19654
19909
19675
19112
19383
19378
19818
19375
19243
19478
19691
19233
19486
19777
19623
19667
19260
19591
19516
19626
19838
19430
19578
19437
19856
19937
20227
19777
19850
19642
19837
23122
23387
25070
26678
27516
29765
23341
36195
40087
36388
44050
48398
49991
43041
45359
46842
53028
60497
48667
44307
45395
52357
39004
41055
49885
32533
30299
25003
27661
27720
34360
24049
19718
21259
20669
19800
19180
18926
19029
19119
19010
19341
19153
18946
19170
19099
19303
19454
19354
18943
18354
18770
19013
18909
19317
19479
19438
19373
19438
19316
19276
19397
19136
19640
19611
19304
19341
19613
19589
19652
19738
19210
18966
19871
19537
19628
20270
20084
19445
19861
20033
20385
21092
20937
21705
21176
20370
20589
20437
19800
19570
19477
18667
18895
19120
18865
18776
19031
19769
19637
18782
19254
19059
19024
18958
19010
18814
19256
18969
18723
19032
18854
19190
18742
18967
19030
19109
19034
19375
19222
19206
19400
19638
19641
20182
20408
20289
20540
20516
20594
21221
20802
20146
20215
20429
20816
20649
20216
20047
20263
20288
20551
20627
20413
19365
18766
18390
19014
18775
19315
19177
18782
19043
19573
19514
19887
19995
19900
19681
19748
19753
19611
19053
19185
19673
19219
19032
18988
19133
18767
19207
19210
19210
18685
18526
19149
18728
18690
19072
18504
18655
19147
18419
18710
61317
146937
140864
140451
140188
139533
140152
138490
139435
138965
139394
139171
138959
139159
137614
136678
137329
134875
139236
137446
137249
137527
135566
137729
138646
135827
138804
138730
138666
136399
43611
16894
16861
16756
16743
16289
16579
16106
16250
16356
16309
16193
16301
16551
16633
16074
16699
16305
16412
16454
16649
16778
16084
17119
16778
17475
17932
17308
17799
18029
17406
17475
17719
18078
18329
17943
17654
17847
18182
17423
17394
17977
17495
17810
17803
17658
17650
17852
18057
18009
17653
17612
17946
18444
18262
18031
17810
17606
18597
17469
18074
18387
18384
17900
17689
17687
17532
17475
17734
17435
17684
17410
17480
17439
17967
17782
17915
17967
18180
18298
18003
17609
17983
17815
18197
17884
17879
18032
17951
18617
18290
18300
18884
18805
18718
18631
18542
18769
18557
18621
19005
18748
18707
19113
19001
18823
19155
18671
19141
18770
19065
19467
19234
19284
19496
19583
19451
18926
20018
19640
19136
19248
19312
18601
19720
19221
19847
19378
19238
19162
19024
18417
18996
18434
18409
19125
19319
19564
18900
18909
17851
17826
17252
16971
17107
18015
17161
17467
17803
17778
17728
18697
18355
17374
17738
17500
18046
17994
17699
18189
17878
17807
18138
17569
18108
18110
18440
19129
18544
18601
18586
18776
18630
18603
18305
18156
18631
18170
18314
18628
18430
17756
17342
17472
17575
17389
17388
18082
17451
17440
17854
16985
18024
19622
19607
19530
18683
17417
17518
17458
17766
17538
17570
17466
17848
17780
17920
17751
18180
17525
17800
17889
18149
17782
17690
17840
17513
17784
18217
18315
18493
17878
18215
18274
18473
18525
18457
18329
18866
18623
18874
17407
17212
17380
17604
17506
17468
17482
17343
17328
17570
17495
17397
18405
17288
17036
17256
17251
17210
17189
17115
17521
18238
17583
17960
17787
18228
18264
18255
17909
17411
17813
18379
18457
18234
17764
17811
17322
17466
17552
17153
17791
17722
17402
18572
17657
17554
17433
17294
16943
16953
16651
17100
17415
17042
17464
17776
17421
17530
17157
17319
17346
17477
17471
16944
17229
18251
17312
16794
16961
17211
17141
17345
17487
17139
17930
17340
17340
17499
17971
17811
17966
17780
17882
18327
18101
18018
18255
17966
18042
17940
17767
17964
17620
17727
17599
17819
17946
17802
17907
17877
17543
17828
17715
17235
17529
17335
17507
17408
17057
17715
17629
17397
17270
17289
17330
17594
17386
17409
17410
17089
17342
17332
17658
17056
17010
17354
17605
17305
17776
17883
18823
17449
17094
16889
17085
17337
17282
17540
17269
17257
17462
17062
17544
17504
17509
18403
17702
18195
17639
17861
18655
17626
18053
18011
17449
17514
18199
17710
17129
17522
17422
18043
17475
17723
17732
17428
17467
17410
17171
17970
17543
17906
17561
18438
17574
17963
17304
17810
18179
18014
17987
18013
17991
17983
17206
18165
16883
17803
18387
17903
17969
